2.500000000000000139e-02 0.000000000000000000e+00
7.499999999999999722e-02 0.000000000000000000e+00
1.250000000000000000e-01 0.000000000000000000e+00
1.749999999999999889e-01 0.000000000000000000e+00
2.249999999999999778e-01 0.000000000000000000e+00
2.749999999999999667e-01 0.000000000000000000e+00
3.250000000000000111e-01 0.000000000000000000e+00
3.750000000000000000e-01 0.000000000000000000e+00
4.249999999999999889e-01 0.000000000000000000e+00
4.749999999999999778e-01 0.000000000000000000e+00
5.249999999999999112e-01 0.000000000000000000e+00
5.749999999999999556e-01 0.000000000000000000e+00
6.250000000000000000e-01 0.000000000000000000e+00
6.749999999999999334e-01 0.000000000000000000e+00
7.249999999999999778e-01 0.000000000000000000e+00
7.749999999999999112e-01 0.000000000000000000e+00
8.249999999999999556e-01 0.000000000000000000e+00
8.750000000000000000e-01 0.000000000000000000e+00
9.249999999999999334e-01 1.174277323312960808e-01
9.749999999999999778e-01 7.642579669519778962e-01
1.024999999999999911e+00 1.687625552694011599e+00
1.074999999999999734e+00 2.038619936807314126e+00
1.124999999999999778e+00 2.015366018352130695e+00
1.174999999999999822e+00 1.812809220628257112e+00
1.224999999999999867e+00 1.479341662031267157e+00
1.274999999999999911e+00 1.351339805615476841e+00
1.324999999999999734e+00 1.132411299332292121e+00
1.374999999999999778e+00 1.062190508556185797e+00
1.424999999999999822e+00 9.303437360524136057e-01
1.474999999999999867e+00 8.846882124430954786e-01
1.524999999999999689e+00 8.316205918000487696e-01
1.574999999999999734e+00 8.201717678260579403e-01
1.624999999999999778e+00 8.009245748506031992e-01
1.674999999999999822e+00 8.260118497418722505e-01
1.724999999999999867e+00 8.167524627700366580e-01
1.774999999999999689e+00 8.582442318935474823e-01
1.824999999999999734e+00 8.935612906821041035e-01
1.874999999999999778e+00 9.305375419496929590e-01
1.924999999999999822e+00 9.725297720294955317e-01
1.974999999999999645e+00 1.009130934190258344e+00
2.024999999999999911e+00 1.073400673108265924e+00
2.074999999999999734e+00 1.083339578364168609e+00
2.124999999999999556e+00 1.141495504993943699e+00
2.174999999999999822e+00 1.083735722122097567e+00
2.224999999999999645e+00 1.088980633176210189e+00
2.274999999999999911e+00 1.079578880920278205e+00
2.324999999999999734e+00 1.030214294950797305e+00
2.374999999999999556e+00 1.007578170481251423e+00
2.424999999999999822e+00 1.005106176434778842e+00
2.474999999999999645e+00 9.742460263122196817e-01
2.524999999999999911e+00 9.661151421519582616e-01
2.574999999999999734e+00 9.783942295867148475e-01
2.624999999999999556e+00 9.522481650769815120e-01
2.674999999999999822e+00 9.565238875374768579e-01
2.724999999999999645e+00 9.683841154248904459e-01
2.774999999999999467e+00 9.801816459272784110e-01
2.824999999999999734e+00 9.574167359574046188e-01
2.874999999999999556e+00 1.013816038504180339e+00
2.924999999999999822e+00 9.971624025192099561e-01
2.974999999999999645e+00 1.010568403942895488e+00
3.024999999999999467e+00 1.012074988006429699e+00
3.074999999999999734e+00 1.018509389805942966e+00
3.124999999999999556e+00 1.019267506086908748e+00
3.174999999999999822e+00 1.012878016052817687e+00
3.224999999999999645e+00 1.028689892009833740e+00
3.274999999999999467e+00 9.939161361124873029e-01
3.324999999999999734e+00 1.009000467518718969e+00
3.374999999999999556e+00 9.952071189230002890e-01
3.424999999999999822e+00 9.861326869491828795e-01
3.474999999999999645e+00 9.995708536129269683e-01
3.524999999999999467e+00 9.921954298326246535e-01
3.574999999999999734e+00 9.894356444712322229e-01
3.624999999999999556e+00 1.009039994487705094e+00
3.674999999999999822e+00 9.888680125666879928e-01
3.724999999999999645e+00 1.002390373240471977e+00
3.774999999999999467e+00 9.899004707732835806e-01
3.824999999999999734e+00 1.003924510048853858e+00
3.874999999999999556e+00 9.872453600067214730e-01
3.924999999999999378e+00 9.957734500470500905e-01
3.974999999999999645e+00 1.007085401309458339e+00
4.024999999999999467e+00 1.017054268123207095e+00
4.075000000000000178e+00 1.019157451596041986e+00
4.125000000000000000e+00 9.883310066196574484e-01
4.174999999999999822e+00 9.970875937443515191e-01
4.224999999999999645e+00 9.928561090647366472e-01
4.275000000000000355e+00 1.000392611833383238e+00
4.325000000000000178e+00 9.959108388820232527e-01
4.375000000000000000e+00 9.946832912036213115e-01
4.424999999999999822e+00 9.967309099222800839e-01
4.474999999999999645e+00 9.955053162473457284e-01
4.525000000000000355e+00 9.965065231574966598e-01
4.575000000000000178e+00 1.014954861936777641e+00
4.625000000000000000e+00 9.964536110921458079e-01
4.674999999999999822e+00 9.909580682902944249e-01
4.724999999999999645e+00 1.001398945551374986e+00
4.775000000000000355e+00 1.002914635672749633e+00
4.825000000000000178e+00 9.985077173102526737e-01
4.875000000000000000e+00 1.016969701829827155e+00
4.924999999999999822e+00 9.913898935303858684e-01
4.974999999999999645e+00 9.982990110806387873e-01
5.025000000000000355e+00 1.004370815359176605e+00
5.075000000000000178e+00 9.951231888544106452e-01
5.125000000000000000e+00 9.965214148309640141e-01
5.174999999999999822e+00 1.008302904864315508e+00
5.224999999999999645e+00 9.890977214866603084e-01
5.275000000000000355e+00 1.002941360952428473e+00
5.325000000000000178e+00 1.002025365310655669e+00
5.375000000000000000e+00 9.887144770880952338e-01
5.424999999999999822e+00 1.004248005030789592e+00
5.474999999999999645e+00 1.002340088788932659e+00
5.524999999999999467e+00 9.987156346404533203e-01
5.575000000000000178e+00 9.897863507814059769e-01
5.625000000000000000e+00 1.004128500947560898e+00
5.674999999999999822e+00 9.979865359615939235e-01
5.724999999999999645e+00 9.953014682168471738e-01
5.774999999999999467e+00 1.000950457671916816e+00
5.825000000000000178e+00 9.981487028054540911e-01
5.875000000000000000e+00 1.005062200415597129e+00
5.924999999999999822e+00 1.005875691686775042e+00
5.974999999999999645e+00 1.002017273140163089e+00
6.024999999999999467e+00 9.993830288666651906e-01
6.075000000000000178e+00 1.010440619648142357e+00
6.125000000000000000e+00 9.907552461596520477e-01
6.174999999999999822e+00 1.007416870738528702e+00
6.224999999999999645e+00 1.003268342737436036e+00
6.274999999999999467e+00 1.006780459676966721e+00
6.325000000000000178e+00 9.956023463009079366e-01
6.375000000000000000e+00 9.845355472334016422e-01
6.424999999999999822e+00 1.003317412849269896e+00
6.474999999999999645e+00 9.947044571151283376e-01
6.524999999999999467e+00 1.007553433086125771e+00
6.575000000000000178e+00 9.963649262925354799e-01
6.625000000000000000e+00 1.004244446147638747e+00
6.674999999999999822e+00 9.980353554785358350e-01
6.724999999999999645e+00 9.925829472832378153e-01
6.774999999999999467e+00 9.994432251925468025e-01
6.825000000000000178e+00 1.000221176806024070e+00
6.875000000000000000e+00 9.977305588713372142e-01
6.924999999999999822e+00 1.004911790827330398e+00
6.974999999999999645e+00 1.009083993770860221e+00
7.024999999999999467e+00 9.940190818162024655e-01
7.075000000000000178e+00 1.013038472520001676e+00
7.125000000000000000e+00 9.960379129495068318e-01
7.174999999999999822e+00 1.004729142676038078e+00
7.224999999999999645e+00 9.984830908989571485e-01
7.274999999999999467e+00 1.002304149538379319e+00
7.325000000000000178e+00 1.005121349913458140e+00
7.375000000000000000e+00 9.954616706928768322e-01
7.424999999999999822e+00 9.993755523631218107e-01
7.474999999999999645e+00 9.834496838172259725e-01
7.524999999999999467e+00 9.986021453978657370e-01
7.574999999999999289e+00 9.929535697666462823e-01
7.625000000000000000e+00 1.005689278972303535e+00
7.674999999999999822e+00 9.916836534365495170e-01
7.724999999999999645e+00 1.001791331408395935e+00
7.774999999999999467e+00 1.000483113942917113e+00
7.824999999999999289e+00 1.008342989451576299e+00
7.875000000000000000e+00 1.001163924081233336e+00
7.924999999999999822e+00 1.000805804624109729e+00
7.974999999999999645e+00 1.010442242249659062e+00
8.024999999999998579e+00 9.999790185375231344e-01
8.074999999999999289e+00 1.002074094312059627e+00
8.125000000000000000e+00 9.981634441585200967e-01
8.174999999999998934e+00 1.003781691536659082e+00
8.224999999999999645e+00 9.935117212690808275e-01
8.275000000000000355e+00 1.003240489302996030e+00
8.324999999999999289e+00 9.925866160248441039e-01
8.375000000000000000e+00 1.001997897247815628e+00
8.424999999999998934e+00 9.951718040188484160e-01
8.474999999999999645e+00 9.979941701132080123e-01
8.525000000000000355e+00 9.967675680603103050e-01
8.574999999999999289e+00 9.945343876619492374e-01
8.625000000000000000e+00 1.001347626977263428e+00
8.674999999999998934e+00 1.000706321603034299e+00
8.724999999999999645e+00 1.009153500610298515e+00
8.775000000000000355e+00 1.002183760614268726e+00
8.824999999999999289e+00 1.002890406454778560e+00
8.875000000000000000e+00 1.006363828461378729e+00
8.924999999999998934e+00 9.993510705805471739e-01
8.974999999999999645e+00 9.948501877111782798e-01
9.025000000000000355e+00 9.998976033466456803e-01
9.074999999999999289e+00 9.985595611372812819e-01
9.125000000000000000e+00 1.006512171359624119e+00
9.174999999999998934e+00 9.991718210951214818e-01
9.224999999999999645e+00 9.989984859284856133e-01
9.275000000000000355e+00 9.972790555478695529e-01
9.324999999999999289e+00 1.001513261813203437e+00
9.375000000000000000e+00 9.907182344106274519e-01
9.424999999999998934e+00 1.001469069800020817e+00
9.474999999999999645e+00 9.974545783499556562e-01
9.525000000000000355e+00 1.000592440984043652e+00
9.574999999999999289e+00 9.978766765722238974e-01
9.625000000000000000e+00 9.966819401457402972e-01
9.674999999999998934e+00 9.928157395314309852e-01
9.724999999999999645e+00 1.001318941269441432e+00
9.775000000000000355e+00 9.965707522640921967e-01
9.824999999999999289e+00 1.009565862944187931e+00
9.875000000000000000e+00 1.001302647969201098e+00
9.924999999999998934e+00 1.005177295916568125e+00
9.974999999999999645e+00 9.984198503414993819e-01
1.002500000000000036e+01 1.001838951939957312e+00
1.007499999999999929e+01 9.992007080756331039e-01
1.012500000000000000e+01 1.001979982259305846e+00
1.017499999999999893e+01 1.005672018659206302e+00
1.022499999999999964e+01 1.000164065405780844e+00
1.027500000000000036e+01 1.002125678004215148e+00
1.032499999999999929e+01 1.001594935219507709e+00
1.037500000000000000e+01 9.939752217772408471e-01
1.042499999999999893e+01 9.997284459775062082e-01
1.047499999999999964e+01 9.948009166995122055e-01
1.052500000000000036e+01 9.995522143390862535e-01
1.057499999999999929e+01 9.952795070085823648e-01
1.062500000000000000e+01 9.968497919390041373e-01
1.067499999999999893e+01 1.001657603603919755e+00
1.072499999999999964e+01 9.975015022540167919e-01
1.077499999999999858e+01 1.006949400099811820e+00
1.082499999999999929e+01 9.985660462598445752e-01
1.087500000000000000e+01 1.005184499884581362e+00
1.092499999999999893e+01 1.002235656121321705e+00
1.097499999999999964e+01 9.965902617625256310e-01
1.102499999999999858e+01 1.003356980381467922e+00
1.107499999999999929e+01 9.997003162940114596e-01
1.112500000000000000e+01 1.002402352466200020e+00
1.117499999999999893e+01 9.982437830601225137e-01
1.122499999999999964e+01 9.979723988319838535e-01
1.127499999999999858e+01 9.986760197031068209e-01
1.132499999999999929e+01 9.999551996500907203e-01
1.137500000000000000e+01 9.979111835764200578e-01
1.142499999999999893e+01 1.000732843588142629e+00
1.147499999999999964e+01 9.974204316252209823e-01
1.152499999999999858e+01 9.996219251938858186e-01
1.157499999999999929e+01 9.988055530459218900e-01
1.162500000000000000e+01 9.962729591738442858e-01
1.167499999999999893e+01 9.972747254739283695e-01
1.172499999999999964e+01 9.978183294807795312e-01
1.177499999999999858e+01 1.004293832970828193e+00
1.182499999999999929e+01 1.004321785591491212e+00
1.187500000000000000e+01 9.994893924151300180e-01
1.192499999999999893e+01 9.998126346996593083e-01
1.197499999999999964e+01 1.000591607021975582e+00
1.202499999999999858e+01 1.002370935408664288e+00
1.207499999999999929e+01 9.989753907868329508e-01
1.212500000000000000e+01 1.001648792164024249e+00
1.217499999999999893e+01 1.001428417522465919e+00
1.222499999999999964e+01 9.996573529276087111e-01
1.227499999999999858e+01 9.998007201834153701e-01
1.232499999999999929e+01 9.983617716063609704e-01
1.237500000000000000e+01 9.984782907945063402e-01
1.242499999999999893e+01 9.962070669992045824e-01
1.247499999999999964e+01 1.001619804269776592e+00
1.252499999999999858e+01 1.002844099626296392e+00
1.257499999999999929e+01 1.001543571584096348e+00
1.262500000000000000e+01 9.971959665180968324e-01
1.267499999999999893e+01 1.000267169694267544e+00
1.272499999999999964e+01 1.004023277227820587e+00
1.277499999999999858e+01 9.971930818658598650e-01
1.282499999999999929e+01 1.002489564868131788e+00
1.287500000000000000e+01 9.977963444485374866e-01
1.292499999999999893e+01 1.001206862997542357e+00
1.297499999999999964e+01 9.980054633341757242e-01
1.302499999999999858e+01 9.999910369573364877e-01
1.307499999999999929e+01 1.001971371896279495e+00
1.312500000000000000e+01 9.984086751755739675e-01
1.317499999999999893e+01 9.977392384328689356e-01
1.322499999999999964e+01 1.004556565192242568e+00
1.327499999999999858e+01 9.927834510592071782e-01
1.332499999999999929e+01 1.001482575290854493e+00
1.337500000000000000e+01 1.000707090692637857e+00
1.342499999999999893e+01 9.987572403964738443e-01
1.347499999999999964e+01 1.004753285284628594e+00
1.352499999999999858e+01 1.003449130300821945e+00
1.357499999999999929e+01 9.990493413228606068e-01
1.362500000000000000e+01 9.992011028076029922e-01
1.367499999999999893e+01 1.000820413710389767e+00
1.372499999999999964e+01 9.998534711763388261e-01
1.377499999999999858e+01 9.966985951517123299e-01
1.382499999999999929e+01 1.003043885264518931e+00
1.387500000000000000e+01 1.003899122385198961e+00
1.392499999999999893e+01 1.001447048893798542e+00
1.397499999999999964e+01 9.942384695352589619e-01
1.402499999999999858e+01 9.997228630439187747e-01
1.407499999999999929e+01 9.985251138269028992e-01
1.412500000000000000e+01 1.000984715367259081e+00
1.417499999999999893e+01 9.965210247054909765e-01
1.422499999999999964e+01 9.962977141732868303e-01
1.427499999999999858e+01 1.003951574436264593e+00
1.432499999999999929e+01 1.000911058766841277e+00
1.437500000000000000e+01 9.995121214785703812e-01
1.442499999999999893e+01 9.975066300429656918e-01
1.447499999999999964e+01 1.001216444976894326e+00
1.452499999999999858e+01 1.002704381655404875e+00
1.457499999999999929e+01 1.000756689948357314e+00
1.462500000000000000e+01 1.000756642224045700e+00
1.467499999999999893e+01 1.001128228760293837e+00
1.472499999999999964e+01 9.971433313795451392e-01
1.477499999999999858e+01 1.001242240395904481e+00
1.482499999999999929e+01 1.001710646065811172e+00
1.487500000000000000e+01 1.000794531846758373e+00
1.492499999999999893e+01 9.997848976769496687e-01
1.497499999999999964e+01 9.985871500767595776e-01
