5.000000000000000278e-02 0.000000000000000000e+00
1.500000000000000222e-01 0.000000000000000000e+00
2.500000000000000000e-01 0.000000000000000000e+00
3.500000000000000333e-01 0.000000000000000000e+00
4.500000000000000111e-01 0.000000000000000000e+00
5.500000000000000444e-01 0.000000000000000000e+00
6.500000000000001332e-01 0.000000000000000000e+00
7.500000000000001110e-01 0.000000000000000000e+00
8.500000000000000888e-01 2.037313659650479437e-03
9.500000000000000666e-01 5.236647881559903794e-01
1.050000000000000044e+00 1.974744741199793374e+00
1.150000000000000133e+00 1.831306352607203980e+00
1.250000000000000222e+00 1.426682103586729200e+00
1.350000000000000089e+00 1.076550803363825581e+00
1.450000000000000178e+00 8.890985331203329345e-01
1.550000000000000044e+00 7.900722151868820875e-01
1.650000000000000133e+00 8.114131550601676457e-01
1.750000000000000222e+00 8.461901369200934830e-01
1.850000000000000089e+00 9.309005854057748053e-01
1.950000000000000178e+00 1.024843763945037178e+00
2.049999999999999822e+00 1.088238927124069777e+00
2.149999999999999911e+00 1.093449155404842665e+00
2.250000000000000000e+00 1.070753850550584252e+00
2.350000000000000089e+00 1.032938312513029144e+00
2.450000000000000178e+00 9.713370809652495108e-01
2.549999999999999822e+00 9.814056303476820231e-01
2.649999999999999911e+00 9.567928868046219337e-01
2.750000000000000000e+00 9.663201364578779540e-01
2.850000000000000089e+00 9.934938743477443879e-01
2.950000000000000178e+00 1.006867174237151330e+00
3.049999999999999822e+00 1.011073292881452090e+00
3.149999999999999911e+00 1.016214380227893788e+00
3.250000000000000000e+00 1.008773704899452284e+00
3.350000000000000089e+00 1.002826352064440041e+00
3.450000000000000178e+00 1.005520121808684220e+00
3.549999999999999822e+00 9.914152358842299728e-01
3.649999999999999911e+00 1.003428713013699181e+00
3.750000000000000000e+00 9.906054979584615339e-01
3.850000000000000089e+00 9.971789075551886761e-01
3.950000000000000178e+00 1.008200418658160791e+00
4.049999999999999822e+00 9.929440767025536907e-01
4.150000000000000355e+00 9.935419215873697585e-01
4.250000000000000000e+00 1.008730236134047997e+00
4.349999999999999645e+00 9.949325509081760055e-01
4.450000000000000178e+00 1.002178456717962574e+00
4.549999999999999822e+00 1.001711799017985127e+00
4.650000000000000355e+00 1.009592401453909716e+00
4.750000000000000000e+00 9.969879870232742913e-01
4.850000000000000533e+00 9.947653792751919299e-01
4.950000000000000178e+00 9.961166743871101570e-01
5.049999999999999822e+00 1.004844849753874447e+00
5.150000000000000355e+00 9.997049736264627118e-01
5.250000000000000000e+00 1.003473188646951897e+00
5.350000000000000533e+00 9.902521173574845292e-01
5.450000000000000178e+00 9.981292542906726739e-01
5.549999999999999822e+00 1.001188865910271675e+00
5.650000000000000355e+00 1.004608683140566505e+00
5.750000000000000000e+00 1.000323163536585014e+00
5.850000000000000533e+00 1.002070890058511132e+00
5.950000000000000178e+00 1.000035963286254770e+00
6.049999999999999822e+00 9.963992569441509906e-01
6.150000000000000355e+00 9.983710425805865096e-01
6.250000000000000000e+00 9.956143585937813345e-01
6.350000000000000533e+00 9.969385643373058770e-01
6.450000000000000178e+00 1.006522644514727949e+00
6.549999999999999822e+00 9.989861715149283006e-01
6.650000000000000355e+00 1.005090197385695827e+00
6.750000000000000000e+00 1.002812241006776794e+00
6.850000000000000533e+00 9.964221497928319460e-01
6.950000000000000178e+00 9.926209425846603818e-01
