2.500000000000000139e-02 0.000000000000000000e+00
7.499999999999999722e-02 0.000000000000000000e+00
1.250000000000000000e-01 0.000000000000000000e+00
1.749999999999999889e-01 0.000000000000000000e+00
2.249999999999999778e-01 0.000000000000000000e+00
2.749999999999999667e-01 0.000000000000000000e+00
3.250000000000000111e-01 0.000000000000000000e+00
3.750000000000000000e-01 0.000000000000000000e+00
4.249999999999999889e-01 0.000000000000000000e+00
4.749999999999999778e-01 0.000000000000000000e+00
5.249999999999999112e-01 0.000000000000000000e+00
5.749999999999999556e-01 0.000000000000000000e+00
6.250000000000000000e-01 0.000000000000000000e+00
6.749999999999999334e-01 0.000000000000000000e+00
7.249999999999999778e-01 0.000000000000000000e+00
7.749999999999999112e-01 0.000000000000000000e+00
8.249999999999999556e-01 0.000000000000000000e+00
8.750000000000000000e-01 1.924252727504476360e-03
9.249999999999999334e-01 1.566926303295732015e-01
9.749999999999999778e-01 7.888778462730040575e-01
1.024999999999999911e+00 1.709488727015774590e+00
1.074999999999999734e+00 2.125380839014572754e+00
1.124999999999999778e+00 2.045462914289074785e+00
1.174999999999999822e+00 1.753447136726237199e+00
1.224999999999999867e+00 1.524878935293436877e+00
1.274999999999999911e+00 1.288902153178853593e+00
1.324999999999999734e+00 1.143955004135701392e+00
1.374999999999999778e+00 1.028767077426675058e+00
1.424999999999999822e+00 9.259185126761412254e-01
1.474999999999999867e+00 8.472821558702943179e-01
1.524999999999999689e+00 8.293873980146143632e-01
1.574999999999999734e+00 8.262774823305569782e-01
1.624999999999999778e+00 8.219740933850883113e-01
1.674999999999999822e+00 7.935950863342030592e-01
1.724999999999999867e+00 7.854001049931411682e-01
1.774999999999999689e+00 8.451408568193435888e-01
1.824999999999999734e+00 9.091913603364867313e-01
1.874999999999999778e+00 9.233845293288160949e-01
1.924999999999999822e+00 9.623340636193835618e-01
1.974999999999999645e+00 1.051739565543539090e+00
2.024999999999999911e+00 1.089206422614047653e+00
2.074999999999999734e+00 1.110248017095910367e+00
2.124999999999999556e+00 1.126494973556466883e+00
2.174999999999999822e+00 1.133550266986491195e+00
2.224999999999999645e+00 1.083774051876028155e+00
2.274999999999999911e+00 1.059723247621670028e+00
2.324999999999999734e+00 1.058797593424324557e+00
2.374999999999999556e+00 1.000580148129483371e+00
2.424999999999999822e+00 9.665117621674954584e-01
2.474999999999999645e+00 9.665874051047295135e-01
2.524999999999999911e+00 9.661302983257493704e-01
2.574999999999999734e+00 9.629793032231340755e-01
2.624999999999999556e+00 9.801092489890735893e-01
2.674999999999999822e+00 9.532862745654144820e-01
2.724999999999999645e+00 9.634749170328237300e-01
2.774999999999999467e+00 9.778664637059348852e-01
2.824999999999999734e+00 9.703331197984931267e-01
2.874999999999999556e+00 9.830520059243398334e-01
2.924999999999999822e+00 9.896911388223716965e-01
2.974999999999999645e+00 1.000327336928003241e+00
3.024999999999999467e+00 1.013429314145952054e+00
3.074999999999999734e+00 1.023754512862592003e+00
3.124999999999999556e+00 1.043015584047926936e+00
3.174999999999999822e+00 1.034398222992159111e+00
3.224999999999999645e+00 1.026518141086266933e+00
3.274999999999999467e+00 1.012313314774032635e+00
3.324999999999999734e+00 1.011688163670503515e+00
3.374999999999999556e+00 9.999175385968783747e-01
3.424999999999999822e+00 9.926691769175584046e-01
3.474999999999999645e+00 1.013244613508782255e+00
3.524999999999999467e+00 9.812651354647590196e-01
3.574999999999999734e+00 9.832962803733088508e-01
3.624999999999999556e+00 9.925806619924996133e-01
3.674999999999999822e+00 9.772126381131748252e-01
3.724999999999999645e+00 9.807858716884955141e-01
3.774999999999999467e+00 9.982019671793566085e-01
3.824999999999999734e+00 9.985647420231652527e-01
3.874999999999999556e+00 9.948472033363255917e-01
3.924999999999999378e+00 9.954896189859316902e-01
3.974999999999999645e+00 1.019847349067319442e+00
4.024999999999999467e+00 1.005855529099552781e+00
4.075000000000000178e+00 9.976524705391878189e-01
4.125000000000000000e+00 1.014751222014218524e+00
4.174999999999999822e+00 9.870408230402147876e-01
4.224999999999999645e+00 1.021027307657889072e+00
4.275000000000000355e+00 1.015910065414662444e+00
4.325000000000000178e+00 9.923205096377757384e-01
4.375000000000000000e+00 1.003182506125363194e+00
4.424999999999999822e+00 9.998313822454135691e-01
4.474999999999999645e+00 9.885048250423965621e-01
4.525000000000000355e+00 1.005932304837879876e+00
4.575000000000000178e+00 9.968789793712845571e-01
4.625000000000000000e+00 9.987270464603731357e-01
4.674999999999999822e+00 9.945371862776988259e-01
4.724999999999999645e+00 9.853495537372994884e-01
4.775000000000000355e+00 1.011227757114061543e+00
4.825000000000000178e+00 9.967716603898792993e-01
4.875000000000000000e+00 9.967685130779236902e-01
4.924999999999999822e+00 1.005126440952477829e+00
4.974999999999999645e+00 1.002946034882101101e+00
5.025000000000000355e+00 1.018452970711162253e+00
5.075000000000000178e+00 9.895581873844963017e-01
5.125000000000000000e+00 1.007990844178295209e+00
5.174999999999999822e+00 9.993922119657951963e-01
5.224999999999999645e+00 9.975219004772778453e-01
5.275000000000000355e+00 9.875985807145896134e-01
5.325000000000000178e+00 1.002919933447436573e+00
5.375000000000000000e+00 9.981709825189046814e-01
5.424999999999999822e+00 1.010099847096879833e+00
5.474999999999999645e+00 9.969460247176168410e-01
5.524999999999999467e+00 9.964110620988089195e-01
5.575000000000000178e+00 9.929848314203414406e-01
5.625000000000000000e+00 1.004286548936282886e+00
5.674999999999999822e+00 9.987479099619192002e-01
5.724999999999999645e+00 1.002645702414345141e+00
5.774999999999999467e+00 1.008026818352435461e+00
5.825000000000000178e+00 9.996125479128551428e-01
5.875000000000000000e+00 9.993214595579953397e-01
5.924999999999999822e+00 9.914677577820190102e-01
5.974999999999999645e+00 1.004251018749627633e+00
6.024999999999999467e+00 9.855818299205155730e-01
6.075000000000000178e+00 1.002088009733040241e+00
6.125000000000000000e+00 1.003706362470204061e+00
6.174999999999999822e+00 1.008387490233127126e+00
6.224999999999999645e+00 9.976157315923273039e-01
6.274999999999999467e+00 9.973872941899015743e-01
6.325000000000000178e+00 9.979254329351487929e-01
6.375000000000000000e+00 1.004742155908090018e+00
6.424999999999999822e+00 1.002016472007775993e+00
6.474999999999999645e+00 1.000098409182389236e+00
6.524999999999999467e+00 9.965982868139403594e-01
6.575000000000000178e+00 9.999061767288373037e-01
6.625000000000000000e+00 9.972932158403572389e-01
6.674999999999999822e+00 1.001988558044941913e+00
6.724999999999999645e+00 9.991682021644264777e-01
6.774999999999999467e+00 9.971884905733452431e-01
6.825000000000000178e+00 1.005915755874378092e+00
6.875000000000000000e+00 9.913375236889031550e-01
6.924999999999999822e+00 9.909943678443651205e-01
6.974999999999999645e+00 1.003159971245858539e+00
7.024999999999999467e+00 1.006130830568436441e+00
7.075000000000000178e+00 1.003677434251925460e+00
7.125000000000000000e+00 1.002441794257298513e+00
7.174999999999999822e+00 9.966774417256493157e-01
7.224999999999999645e+00 1.002183603525968802e+00
7.274999999999999467e+00 1.001152054816798698e+00
7.325000000000000178e+00 9.947544421226132139e-01
7.375000000000000000e+00 1.008432960667120515e+00
7.424999999999999822e+00 1.001766807620086963e+00
7.474999999999999645e+00 9.978783027223058211e-01
7.524999999999999467e+00 1.000146121300595548e+00
7.574999999999999289e+00 1.004809831078329552e+00
7.625000000000000000e+00 9.897996217170033084e-01
7.674999999999999822e+00 1.005264692433108342e+00
7.724999999999999645e+00 9.974795331429499035e-01
7.774999999999999467e+00 9.923461319869453234e-01
7.824999999999999289e+00 1.000354640018061847e+00
7.875000000000000000e+00 1.002187273695155367e+00
7.924999999999999822e+00 1.008774613756666216e+00
7.974999999999999645e+00 9.977638540467654860e-01
8.024999999999998579e+00 9.986870908765450583e-01
8.074999999999999289e+00 9.972962156531568478e-01
8.125000000000000000e+00 9.987657932535117800e-01
8.174999999999998934e+00 1.002109464298911679e+00
8.224999999999999645e+00 9.894618171552344021e-01
8.275000000000000355e+00 1.002268171073553038e+00
8.324999999999999289e+00 1.000216234676778004e+00
8.375000000000000000e+00 1.011756167754193081e+00
8.424999999999998934e+00 1.003436857565533469e+00
8.474999999999999645e+00 9.941759738334133845e-01
8.525000000000000355e+00 9.925652172251786531e-01
8.574999999999999289e+00 1.004893135226788470e+00
8.625000000000000000e+00 1.000843292598989187e+00
8.674999999999998934e+00 1.001539036518396708e+00
8.724999999999999645e+00 1.000023742996681619e+00
8.775000000000000355e+00 9.961238554404766576e-01
8.824999999999999289e+00 1.005247274349572395e+00
8.875000000000000000e+00 1.006319355436316787e+00
8.924999999999998934e+00 9.932811522026752105e-01
8.974999999999999645e+00 9.981978259622007466e-01
9.025000000000000355e+00 9.955992775078643664e-01
9.074999999999999289e+00 1.001979912526566485e+00
9.125000000000000000e+00 9.960380177130928603e-01
9.174999999999998934e+00 1.005255820759424434e+00
9.224999999999999645e+00 9.938861153554401362e-01
9.275000000000000355e+00 9.913704718989478915e-01
9.324999999999999289e+00 1.008933907702488142e+00
9.375000000000000000e+00 1.000296532621930634e+00
9.424999999999998934e+00 1.000212621044829442e+00
9.474999999999999645e+00 9.992540226963441130e-01
9.525000000000000355e+00 1.001947530627316452e+00
9.574999999999999289e+00 9.942592871901829721e-01
9.625000000000000000e+00 1.002026761581659597e+00
9.674999999999998934e+00 1.010478337784939340e+00
9.724999999999999645e+00 9.931339252400799289e-01
9.775000000000000355e+00 1.008925641401418272e+00
9.824999999999999289e+00 1.005033559945980981e+00
9.875000000000000000e+00 9.977984038231577646e-01
9.924999999999998934e+00 9.939638444018173979e-01
9.974999999999999645e+00 9.963466234342766015e-01
1.002500000000000036e+01 9.986178707132802312e-01
1.007499999999999929e+01 1.000577295584471837e+00
1.012500000000000000e+01 9.990856746403875555e-01
1.017499999999999893e+01 9.985428896010182243e-01
1.022499999999999964e+01 9.945941810507864522e-01
1.027500000000000036e+01 1.000641066354071462e+00
1.032499999999999929e+01 9.967098303246411106e-01
1.037500000000000000e+01 1.007538692368119992e+00
1.042499999999999893e+01 1.000568467615739365e+00
1.047499999999999964e+01 9.974590261157469939e-01
1.052500000000000036e+01 1.004234235059615621e+00
1.057499999999999929e+01 9.982392721182021811e-01
1.062500000000000000e+01 1.003512591252053721e+00
1.067499999999999893e+01 1.002384541759760328e+00
1.072499999999999964e+01 1.005064505280935050e+00
1.077499999999999858e+01 1.001076746563255515e+00
1.082499999999999929e+01 9.962770225097405952e-01
1.087500000000000000e+01 9.979651453943405581e-01
1.092499999999999893e+01 9.939999676891169145e-01
1.097499999999999964e+01 1.000061051748832419e+00
1.102499999999999858e+01 9.991458511938722253e-01
1.107499999999999929e+01 1.001258074003287035e+00
1.112500000000000000e+01 9.958264722950137537e-01
1.117499999999999893e+01 1.003821746291094330e+00
1.122499999999999964e+01 9.959281592087507740e-01
1.127499999999999858e+01 1.006461928146969109e+00
1.132499999999999929e+01 9.991686069632930156e-01
1.137500000000000000e+01 9.974311571930530862e-01
1.142499999999999893e+01 9.968486238305080960e-01
1.147499999999999964e+01 1.008660969176059297e+00
1.152499999999999858e+01 1.000937642224628554e+00
1.157499999999999929e+01 9.952566585058167936e-01
1.162500000000000000e+01 9.968768238055206732e-01
1.167499999999999893e+01 1.001870811107613335e+00
1.172499999999999964e+01 1.001523196199371579e+00
1.177499999999999858e+01 9.996786042911462999e-01
1.182499999999999929e+01 1.002139724297036460e+00
1.187500000000000000e+01 1.000427520423757821e+00
1.192499999999999893e+01 9.982320461508709109e-01
1.197499999999999964e+01 9.970042705269394068e-01
1.202499999999999858e+01 1.000246486629740250e+00
1.207499999999999929e+01 9.987416047033278454e-01
1.212500000000000000e+01 9.981997843467287357e-01
1.217499999999999893e+01 9.929904138442936512e-01
1.222499999999999964e+01 9.978115034919701198e-01
1.227499999999999858e+01 1.001621461816598169e+00
1.232499999999999929e+01 1.002659368240588211e+00
1.237500000000000000e+01 1.000934177669090541e+00
1.242499999999999893e+01 1.007852536174739022e+00
1.247499999999999964e+01 1.001891928220373984e+00
1.252499999999999858e+01 1.002278624940628582e+00
1.257499999999999929e+01 1.001015278445145373e+00
1.262500000000000000e+01 9.974383213393142045e-01
1.267499999999999893e+01 1.002499758539273422e+00
1.272499999999999964e+01 9.967484446327747882e-01
1.277499999999999858e+01 9.967720899452893191e-01
1.282499999999999929e+01 1.000940168492150173e+00
1.287500000000000000e+01 9.964169383612175857e-01
1.292499999999999893e+01 9.972793405934734512e-01
1.297499999999999964e+01 1.000278500034724072e+00
1.302499999999999858e+01 9.993455369330530580e-01
1.307499999999999929e+01 1.000181923315103694e+00
1.312500000000000000e+01 9.988037271518709348e-01
1.317499999999999893e+01 1.000915377012683294e+00
1.322499999999999964e+01 9.974477851260855621e-01
1.327499999999999858e+01 9.972067072873175286e-01
1.332499999999999929e+01 1.000543214607694908e+00
1.337500000000000000e+01 1.006569933577250886e+00
1.342499999999999893e+01 1.003174425386792690e+00
1.347499999999999964e+01 1.008331346339830237e+00
1.352499999999999858e+01 9.989160919610774458e-01
1.357499999999999929e+01 9.979845871303577587e-01
1.362500000000000000e+01 9.996594371330194129e-01
1.367499999999999893e+01 9.972484542361160775e-01
1.372499999999999964e+01 9.945643797709731171e-01
1.377499999999999858e+01 9.967934455419492634e-01
1.382499999999999929e+01 1.004222661030927721e+00
1.387500000000000000e+01 9.965005113406102399e-01
1.392499999999999893e+01 9.995713789177473885e-01
1.397499999999999964e+01 9.950952014234568654e-01
1.402499999999999858e+01 1.002561912951893452e+00
1.407499999999999929e+01 1.000614057070255081e+00
1.412500000000000000e+01 1.000463445848298383e+00
1.417499999999999893e+01 1.000840117690618758e+00
1.422499999999999964e+01 1.002636035746173881e+00
1.427499999999999858e+01 1.002480327251599412e+00
1.432499999999999929e+01 1.006259288030981747e+00
1.437500000000000000e+01 9.972603245220679202e-01
1.442499999999999893e+01 1.002391446670698905e+00
1.447499999999999964e+01 1.001006599142517661e+00
1.452499999999999858e+01 9.945040434917883365e-01
1.457499999999999929e+01 9.942063486067458378e-01
1.462500000000000000e+01 9.968245083668556550e-01
1.467499999999999893e+01 9.996439940949971570e-01
1.472499999999999964e+01 1.002592564912505591e+00
1.477499999999999858e+01 1.002906423958355386e+00
1.482499999999999929e+01 1.001724825745996528e+00
1.487500000000000000e+01 9.952349698392553012e-01
1.492499999999999893e+01 1.001306261947506604e+00
1.497499999999999964e+01 9.995529402216267734e-01
