2.500000000000000139e-02 0.000000000000000000e+00
7.499999999999999722e-02 0.000000000000000000e+00
1.250000000000000000e-01 0.000000000000000000e+00
1.749999999999999889e-01 0.000000000000000000e+00
2.249999999999999778e-01 0.000000000000000000e+00
2.749999999999999667e-01 0.000000000000000000e+00
3.250000000000000111e-01 0.000000000000000000e+00
3.750000000000000000e-01 0.000000000000000000e+00
4.249999999999999889e-01 0.000000000000000000e+00
4.749999999999999778e-01 0.000000000000000000e+00
5.249999999999999112e-01 0.000000000000000000e+00
5.749999999999999556e-01 0.000000000000000000e+00
6.250000000000000000e-01 0.000000000000000000e+00
6.749999999999999334e-01 0.000000000000000000e+00
7.249999999999999778e-01 0.000000000000000000e+00
7.749999999999999112e-01 0.000000000000000000e+00
8.249999999999999556e-01 0.000000000000000000e+00
8.750000000000000000e-01 0.000000000000000000e+00
9.249999999999999334e-01 1.499461812845780673e-01
9.749999999999999778e-01 8.244229558396868329e-01
1.024999999999999911e+00 1.677326181404684480e+00
1.074999999999999734e+00 1.994476591718967073e+00
1.124999999999999778e+00 1.945744283172693656e+00
1.174999999999999822e+00 1.770260270422034932e+00
1.224999999999999867e+00 1.510247128508243497e+00
1.274999999999999911e+00 1.312349705664572763e+00
1.324999999999999734e+00 1.176439732432303487e+00
1.374999999999999778e+00 1.053195823726225777e+00
1.424999999999999822e+00 9.630808724274166899e-01
1.474999999999999867e+00 8.704763536086682629e-01
1.524999999999999689e+00 8.635292955621609590e-01
1.574999999999999734e+00 8.020980738542070609e-01
1.624999999999999778e+00 7.985826901288177737e-01
1.674999999999999822e+00 8.469514429975033565e-01
1.724999999999999867e+00 8.390936560900821295e-01
1.774999999999999689e+00 8.871958669316946100e-01
1.824999999999999734e+00 8.791714724944962311e-01
1.874999999999999778e+00 9.261399165151481538e-01
1.924999999999999822e+00 9.917216937426472922e-01
1.974999999999999645e+00 1.017058121418775718e+00
2.024999999999999911e+00 1.052287066612283217e+00
2.074999999999999734e+00 1.074003539571504184e+00
2.124999999999999556e+00 1.115132231483285663e+00
2.174999999999999822e+00 1.103998573380110315e+00
2.224999999999999645e+00 1.054627931814184683e+00
2.274999999999999911e+00 1.076591667636049410e+00
2.324999999999999734e+00 1.031644353661167690e+00
2.374999999999999556e+00 1.017445638962569454e+00
2.424999999999999822e+00 9.753973095927359616e-01
2.474999999999999645e+00 9.638978172244474507e-01
2.524999999999999911e+00 9.816350641142387312e-01
2.574999999999999734e+00 9.683677872911408135e-01
2.624999999999999556e+00 9.728906794942959735e-01
2.674999999999999822e+00 9.841803270235389700e-01
2.724999999999999645e+00 9.606803501549010527e-01
2.774999999999999467e+00 9.727529853579811592e-01
2.824999999999999734e+00 9.951942073276380807e-01
2.874999999999999556e+00 9.823914823291429732e-01
2.924999999999999822e+00 1.004390836027866829e+00
2.974999999999999645e+00 9.887324401584768330e-01
3.024999999999999467e+00 1.024747045452253147e+00
3.074999999999999734e+00 1.028810576442284797e+00
3.124999999999999556e+00 1.015151172573665717e+00
3.174999999999999822e+00 1.007816693440803268e+00
3.224999999999999645e+00 9.936074043632555641e-01
3.274999999999999467e+00 1.024908444925276996e+00
3.324999999999999734e+00 1.021446904332186101e+00
3.374999999999999556e+00 1.014074247882397195e+00
3.424999999999999822e+00 9.889005012269070916e-01
3.474999999999999645e+00 1.006740825151587693e+00
3.524999999999999467e+00 9.907022839638021106e-01
3.574999999999999734e+00 9.852016002657678628e-01
3.624999999999999556e+00 9.776251532414110823e-01
3.674999999999999822e+00 1.005810877333980224e+00
3.724999999999999645e+00 9.914706026115739368e-01
3.774999999999999467e+00 9.885985411755984220e-01
3.824999999999999734e+00 9.979009629885607913e-01
3.874999999999999556e+00 9.760219824263363098e-01
3.924999999999999378e+00 1.017451243355875112e+00
3.974999999999999645e+00 1.002975647437033491e+00
4.024999999999999467e+00 9.935771779516475721e-01
4.075000000000000178e+00 1.004167103550458018e+00
4.125000000000000000e+00 1.002051516135109122e+00
4.174999999999999822e+00 1.008441317790190528e+00
4.224999999999999645e+00 1.003336401239283804e+00
4.275000000000000355e+00 9.824574546487171434e-01
4.325000000000000178e+00 1.006242721599282186e+00
4.375000000000000000e+00 1.015119775910013677e+00
4.424999999999999822e+00 1.017418820751689656e+00
4.474999999999999645e+00 1.007626794039406581e+00
4.525000000000000355e+00 1.003528960579156637e+00
4.575000000000000178e+00 9.907259540244586216e-01
4.625000000000000000e+00 9.798291855480290025e-01
4.674999999999999822e+00 9.946366676300356646e-01
4.724999999999999645e+00 1.000775668199372026e+00
4.775000000000000355e+00 9.949130178898298871e-01
4.825000000000000178e+00 9.965153507309837400e-01
4.875000000000000000e+00 9.990790500896017390e-01
4.924999999999999822e+00 9.907524667358572623e-01
4.974999999999999645e+00 1.007294384185926983e+00
5.025000000000000355e+00 1.001921578474803676e+00
5.075000000000000178e+00 1.008509957938957591e+00
5.125000000000000000e+00 1.010590090957409704e+00
5.174999999999999822e+00 9.963522205638909446e-01
5.224999999999999645e+00 9.890410883505889039e-01
5.275000000000000355e+00 9.957179605688376567e-01
5.325000000000000178e+00 1.010531430336963687e+00
5.375000000000000000e+00 1.009425302670400759e+00
5.424999999999999822e+00 9.964203761989424146e-01
5.474999999999999645e+00 1.014977011639408122e+00
5.524999999999999467e+00 9.878258962568597923e-01
5.575000000000000178e+00 9.958055571162579556e-01
5.625000000000000000e+00 9.957237074216966910e-01
5.674999999999999822e+00 1.002979349110526330e+00
5.724999999999999645e+00 9.928484763050373640e-01
5.774999999999999467e+00 1.004520148063317908e+00
5.825000000000000178e+00 9.931818820519369151e-01
5.875000000000000000e+00 1.005465354126152899e+00
5.924999999999999822e+00 9.971553717535913686e-01
5.974999999999999645e+00 1.009552865720289683e+00
6.024999999999999467e+00 1.003855208291784429e+00
6.075000000000000178e+00 9.972859136251099876e-01
6.125000000000000000e+00 9.985856744778855987e-01
6.174999999999999822e+00 1.000604794494452499e+00
6.224999999999999645e+00 1.004784516808783223e+00
6.274999999999999467e+00 9.913489183098431745e-01
6.325000000000000178e+00 9.948293931187326411e-01
6.375000000000000000e+00 9.948454175259264787e-01
6.424999999999999822e+00 1.003279958861930332e+00
6.474999999999999645e+00 1.012295159893607410e+00
6.524999999999999467e+00 9.962595380531544809e-01
6.575000000000000178e+00 1.002337608107778388e+00
6.625000000000000000e+00 9.912809988282079710e-01
6.674999999999999822e+00 9.938018339261426304e-01
6.724999999999999645e+00 1.000411751269180582e+00
6.774999999999999467e+00 9.963105967020036147e-01
6.825000000000000178e+00 1.005266428643633247e+00
6.875000000000000000e+00 1.006039255699418877e+00
6.924999999999999822e+00 1.011585625108226694e+00
6.974999999999999645e+00 1.012039549686099882e+00
7.024999999999999467e+00 9.974653153953685347e-01
7.075000000000000178e+00 9.996947941308611529e-01
7.125000000000000000e+00 1.001915949801245320e+00
7.174999999999999822e+00 9.940073066045564953e-01
7.224999999999999645e+00 9.955508187622955640e-01
7.274999999999999467e+00 9.950592813050502805e-01
7.325000000000000178e+00 9.905117766671026613e-01
7.375000000000000000e+00 1.001374347454181191e+00
7.424999999999999822e+00 9.999644926353155050e-01
7.474999999999999645e+00 9.951544534144428633e-01
7.524999999999999467e+00 9.948068401669494243e-01
7.574999999999999289e+00 9.954055731003078611e-01
7.625000000000000000e+00 1.002498134187368439e+00
7.674999999999999822e+00 1.007799628324327790e+00
7.724999999999999645e+00 1.003216317784733302e+00
7.774999999999999467e+00 9.976952554818956376e-01
7.824999999999999289e+00 9.995556867112576072e-01
7.875000000000000000e+00 1.008443847029454554e+00
7.924999999999999822e+00 1.009495833871719039e+00
7.974999999999999645e+00 9.938385600300868594e-01
8.024999999999998579e+00 1.008933982858912115e+00
8.074999999999999289e+00 9.967627056292100995e-01
8.125000000000000000e+00 1.000364982527578439e+00
8.174999999999998934e+00 9.995711202298536158e-01
8.224999999999999645e+00 9.994767682947123255e-01
8.275000000000000355e+00 9.961280308466932132e-01
8.324999999999999289e+00 9.961114106067316953e-01
8.375000000000000000e+00 9.939521115980565202e-01
8.424999999999998934e+00 9.899004669520118371e-01
8.474999999999999645e+00 9.933660534104268303e-01
8.525000000000000355e+00 1.006021914465155875e+00
8.574999999999999289e+00 9.989710817250527786e-01
8.625000000000000000e+00 9.993731562625778331e-01
8.674999999999998934e+00 1.000788501640942130e+00
8.724999999999999645e+00 1.001557481345133560e+00
8.775000000000000355e+00 9.989108157127415399e-01
8.824999999999999289e+00 1.006940323174234875e+00
8.875000000000000000e+00 1.003988662212571770e+00
8.924999999999998934e+00 1.004533581085247596e+00
8.974999999999999645e+00 9.990729745392017414e-01
9.025000000000000355e+00 9.989674660412068974e-01
9.074999999999999289e+00 1.000361845780143089e+00
9.125000000000000000e+00 1.010207327195812077e+00
9.174999999999998934e+00 1.002037040559668801e+00
9.224999999999999645e+00 9.957827086031784125e-01
9.275000000000000355e+00 9.940798832603926494e-01
9.324999999999999289e+00 9.974948334289795993e-01
9.375000000000000000e+00 9.915098520204231880e-01
9.424999999999998934e+00 9.917046680453923679e-01
9.474999999999999645e+00 9.943545934732701541e-01
9.525000000000000355e+00 9.955991926070241194e-01
9.574999999999999289e+00 1.006629241091008264e+00
9.625000000000000000e+00 9.972660736360047240e-01
9.674999999999998934e+00 1.002940950377634755e+00
9.724999999999999645e+00 1.001188156754663439e+00
9.775000000000000355e+00 1.007493095216911883e+00
9.824999999999999289e+00 9.995872883917578111e-01
9.875000000000000000e+00 9.970217473793371310e-01
9.924999999999998934e+00 1.013919878852898471e+00
9.974999999999999645e+00 9.963221011345190226e-01
1.002500000000000036e+01 9.999774554459731624e-01
1.007499999999999929e+01 1.003892148769657267e+00
1.012500000000000000e+01 1.000818677264514234e+00
1.017499999999999893e+01 9.968012092105262845e-01
1.022499999999999964e+01 1.007927936566445082e+00
1.027500000000000036e+01 9.999143205771208187e-01
1.032499999999999929e+01 9.961417105504875025e-01
1.037500000000000000e+01 9.972645328435267853e-01
1.042499999999999893e+01 9.864837121080960447e-01
1.047499999999999964e+01 9.972245453298371753e-01
1.052500000000000036e+01 9.981843986998315543e-01
1.057499999999999929e+01 1.008814799520687089e+00
1.062500000000000000e+01 9.988219890955503111e-01
1.067499999999999893e+01 1.005592270320864179e+00
1.072499999999999964e+01 9.966009147233467758e-01
1.077499999999999858e+01 1.000810195552366055e+00
1.082499999999999929e+01 9.982097972244325934e-01
1.087500000000000000e+01 1.001275565259340805e+00
1.092499999999999893e+01 1.000033481328567397e+00
1.097499999999999964e+01 1.007590891012393408e+00
1.102499999999999858e+01 9.972259197254857988e-01
1.107499999999999929e+01 1.001717188078432130e+00
1.112500000000000000e+01 9.959187989096645044e-01
1.117499999999999893e+01 1.000546622565619215e+00
1.122499999999999964e+01 9.935426377876043214e-01
1.127499999999999858e+01 1.000609812003142141e+00
1.132499999999999929e+01 1.000955769657817962e+00
1.137500000000000000e+01 9.999664657343750873e-01
1.142499999999999893e+01 9.976650003183781257e-01
1.147499999999999964e+01 9.993813382363389008e-01
1.152499999999999858e+01 9.981785286835215265e-01
1.157499999999999929e+01 1.000305746246494598e+00
1.162500000000000000e+01 1.003366312810589633e+00
1.167499999999999893e+01 1.005487135774808971e+00
1.172499999999999964e+01 1.001743382984857433e+00
1.177499999999999858e+01 1.001361050988934354e+00
1.182499999999999929e+01 1.000905123346112369e+00
1.187500000000000000e+01 1.000377496066833238e+00
1.192499999999999893e+01 9.933543743524181346e-01
1.197499999999999964e+01 1.003190042172696028e+00
1.202499999999999858e+01 9.977304282300394345e-01
1.207499999999999929e+01 9.939172606966558687e-01
1.212500000000000000e+01 1.002016879138665439e+00
1.217499999999999893e+01 1.000896458546811196e+00
1.222499999999999964e+01 9.951570947361578767e-01
1.227499999999999858e+01 9.991029509347704174e-01
1.232499999999999929e+01 1.007644313157875837e+00
1.237500000000000000e+01 1.001577806808884086e+00
1.242499999999999893e+01 1.000002771057600492e+00
1.247499999999999964e+01 1.000487222214124339e+00
1.252499999999999858e+01 9.996508308131142329e-01
1.257499999999999929e+01 1.001553349132069837e+00
1.262500000000000000e+01 1.000823862078235038e+00
1.267499999999999893e+01 9.995838745025312777e-01
1.272499999999999964e+01 9.974062395285225868e-01
1.277499999999999858e+01 1.001825769329353522e+00
1.282499999999999929e+01 9.987953362541700519e-01
1.287500000000000000e+01 9.990555170417169117e-01
1.292499999999999893e+01 9.970975630736123030e-01
1.297499999999999964e+01 9.959758022803525401e-01
1.302499999999999858e+01 1.001148465635336660e+00
1.307499999999999929e+01 9.980733896122117033e-01
1.312500000000000000e+01 1.007330090342101414e+00
1.317499999999999893e+01 1.000990392949518748e+00
1.322499999999999964e+01 1.001550948780639327e+00
1.327499999999999858e+01 9.988109019312571002e-01
1.332499999999999929e+01 9.999325757394995629e-01
1.337500000000000000e+01 9.970425100385434947e-01
1.342499999999999893e+01 9.992204858697560921e-01
1.347499999999999964e+01 1.000768230261931402e+00
1.352499999999999858e+01 1.006914545929387783e+00
1.357499999999999929e+01 9.959869603899792478e-01
1.362500000000000000e+01 1.003940087133091685e+00
1.367499999999999893e+01 9.977778535100971791e-01
1.372499999999999964e+01 9.952407453223989231e-01
1.377499999999999858e+01 9.942785733830866723e-01
1.382499999999999929e+01 1.000722230398831458e+00
1.387500000000000000e+01 1.001128360807415962e+00
1.392499999999999893e+01 1.000498187881669443e+00
1.397499999999999964e+01 1.001418887185579587e+00
1.402499999999999858e+01 9.974119284934579444e-01
1.407499999999999929e+01 9.995943405845043594e-01
1.412500000000000000e+01 9.994270821287202233e-01
1.417499999999999893e+01 1.001276439502355897e+00
1.422499999999999964e+01 1.002830638574650157e+00
1.427499999999999858e+01 1.003997098926104448e+00
1.432499999999999929e+01 9.993212705702497756e-01
1.437500000000000000e+01 9.992203149678269281e-01
1.442499999999999893e+01 1.001987184382878260e+00
1.447499999999999964e+01 9.957927372576261815e-01
1.452499999999999858e+01 9.985124920878110100e-01
1.457499999999999929e+01 1.003842682112213947e+00
1.462500000000000000e+01 9.996145230316546559e-01
1.467499999999999893e+01 1.000525156765687651e+00
1.472499999999999964e+01 9.969650625144773626e-01
1.477499999999999858e+01 1.002148809869477963e+00
1.482499999999999929e+01 1.000268495646942979e+00
1.487500000000000000e+01 1.001039100167591123e+00
1.492499999999999893e+01 1.001658947762152474e+00
1.497499999999999964e+01 9.964429128159187909e-01
