2.500000000000000139e-02 0.000000000000000000e+00
7.499999999999999722e-02 0.000000000000000000e+00
1.250000000000000000e-01 0.000000000000000000e+00
1.749999999999999889e-01 0.000000000000000000e+00
2.249999999999999778e-01 0.000000000000000000e+00
2.749999999999999667e-01 0.000000000000000000e+00
3.250000000000000111e-01 0.000000000000000000e+00
3.750000000000000000e-01 0.000000000000000000e+00
4.249999999999999889e-01 0.000000000000000000e+00
4.749999999999999778e-01 0.000000000000000000e+00
5.249999999999999112e-01 0.000000000000000000e+00
5.749999999999999556e-01 0.000000000000000000e+00
6.250000000000000000e-01 0.000000000000000000e+00
6.749999999999999334e-01 0.000000000000000000e+00
7.249999999999999778e-01 0.000000000000000000e+00
7.749999999999999112e-01 0.000000000000000000e+00
8.249999999999999556e-01 0.000000000000000000e+00
8.750000000000000000e-01 3.848505455008952719e-03
9.249999999999999334e-01 1.566926303295732015e-01
9.749999999999999778e-01 8.539718925273580563e-01
1.024999999999999911e+00 1.807654609617172836e+00
1.074999999999999734e+00 2.126655812523279732e+00
1.124999999999999778e+00 1.980268877180259679e+00
1.174999999999999822e+00 1.694749880171189771e+00
1.224999999999999867e+00 1.540589214085899883e+00
1.274999999999999911e+00 1.321532587436546224e+00
1.324999999999999734e+00 1.127169164016322167e+00
1.374999999999999778e+00 1.029546446424725703e+00
1.424999999999999822e+00 9.208390224028394355e-01
1.474999999999999867e+00 8.594732660267014879e-01
1.524999999999999689e+00 8.015088300141230970e-01
1.574999999999999734e+00 7.793501486827395519e-01
1.624999999999999778e+00 7.929566780042162089e-01
1.674999999999999822e+00 8.287842794410141822e-01
1.724999999999999867e+00 8.413586244535604663e-01
1.774999999999999689e+00 8.507533030184759593e-01
1.824999999999999734e+00 9.047670714784016299e-01
1.874999999999999778e+00 9.556589772445305275e-01
1.924999999999999822e+00 1.010848425504327741e+00
1.974999999999999645e+00 1.038139484954613945e+00
2.024999999999999911e+00 1.092440621823393299e+00
2.074999999999999734e+00 1.084237274401924633e+00
2.124999999999999556e+00 1.086029916568922893e+00
2.174999999999999822e+00 1.100531215516150851e+00
2.224999999999999645e+00 1.069784109432146302e+00
2.274999999999999911e+00 1.071681435800098336e+00
2.324999999999999734e+00 1.041078272216142020e+00
2.374999999999999556e+00 1.025137467691930260e+00
2.424999999999999822e+00 9.833010512691864324e-01
2.474999999999999645e+00 9.598516043722923330e-01
2.524999999999999911e+00 9.883189367561971972e-01
2.574999999999999734e+00 9.747581869228401086e-01
2.624999999999999556e+00 9.715549461395071029e-01
2.674999999999999822e+00 9.425775067370710802e-01
2.724999999999999645e+00 9.676423677553137592e-01
2.774999999999999467e+00 9.650451225966789615e-01
2.824999999999999734e+00 9.847357807583946299e-01
2.874999999999999556e+00 1.001949995156835360e+00
2.924999999999999822e+00 1.017594021608522858e+00
2.974999999999999645e+00 9.964978547793107433e-01
3.024999999999999467e+00 1.021159269187904339e+00
3.074999999999999734e+00 1.001312641976275453e+00
3.124999999999999556e+00 1.025813070074914402e+00
3.174999999999999822e+00 1.006915624642452212e+00
3.224999999999999645e+00 1.008098905980509219e+00
3.274999999999999467e+00 1.009428056955051334e+00
3.324999999999999734e+00 1.015020469874951647e+00
3.374999999999999556e+00 9.909908585395378333e-01
3.424999999999999822e+00 1.006738899495990047e+00
3.474999999999999645e+00 1.004336163938007731e+00
3.524999999999999467e+00 9.874321389750524425e-01
3.574999999999999734e+00 9.952876984266418869e-01
3.624999999999999556e+00 1.006262148916359678e+00
3.674999999999999822e+00 1.000671851734694862e+00
3.724999999999999645e+00 9.871580592684965350e-01
3.774999999999999467e+00 9.939622198827281485e-01
3.824999999999999734e+00 1.007931952130907360e+00
3.874999999999999556e+00 9.867015667695983039e-01
3.924999999999999378e+00 1.009455361694872488e+00
3.974999999999999645e+00 1.006976847542738751e+00
4.024999999999999467e+00 1.007128994229539609e+00
4.075000000000000178e+00 9.791051154117469402e-01
4.125000000000000000e+00 9.887697108249836608e-01
4.174999999999999822e+00 9.982005137161298336e-01
4.224999999999999645e+00 1.013267235947034939e+00
4.275000000000000355e+00 1.004298743133551941e+00
4.325000000000000178e+00 9.955505144722587296e-01
4.375000000000000000e+00 9.943286313590994352e-01
4.424999999999999822e+00 1.012475091106326719e+00
4.474999999999999645e+00 9.921106269055006699e-01
4.525000000000000355e+00 9.904586377032913447e-01
4.575000000000000178e+00 1.012720336130839671e+00
4.625000000000000000e+00 1.028075030304762993e+00
4.674999999999999822e+00 9.915030050314278531e-01
4.724999999999999645e+00 1.003765451747260951e+00
4.775000000000000355e+00 9.903517143205142759e-01
4.825000000000000178e+00 9.910747372022823409e-01
4.875000000000000000e+00 9.983807047631507725e-01
4.924999999999999822e+00 9.878113396667274060e-01
4.974999999999999645e+00 1.004255908005722731e+00
5.025000000000000355e+00 1.000186064526267682e+00
5.075000000000000178e+00 1.009412289207128222e+00
5.125000000000000000e+00 1.000136078610836643e+00
5.174999999999999822e+00 9.992821588645987019e-01
5.224999999999999645e+00 9.939593222612875811e-01
5.275000000000000355e+00 1.012807553495592705e+00
5.325000000000000178e+00 9.822877843346460303e-01
5.375000000000000000e+00 9.980689669859168500e-01
5.424999999999999822e+00 9.998351136088086122e-01
5.474999999999999645e+00 9.964544097342756812e-01
5.524999999999999467e+00 1.001142083614588119e+00
5.575000000000000178e+00 1.001234812830222420e+00
5.625000000000000000e+00 1.005683784778609313e+00
5.674999999999999822e+00 1.003552442446731696e+00
5.724999999999999645e+00 1.004489131732685392e+00
5.774999999999999467e+00 9.962290205836149548e-01
5.825000000000000178e+00 9.984833366578267366e-01
5.875000000000000000e+00 1.005597638937429039e+00
5.924999999999999822e+00 1.002549831030439931e+00
5.974999999999999645e+00 9.975639923598277337e-01
6.024999999999999467e+00 9.971921933506691094e-01
6.075000000000000178e+00 9.956193192016107307e-01
6.125000000000000000e+00 9.985212795081632731e-01
6.174999999999999822e+00 9.982232287763085354e-01
6.224999999999999645e+00 9.956001926233037924e-01
6.274999999999999467e+00 9.956282997123433454e-01
6.325000000000000178e+00 9.973360561337402119e-01
6.375000000000000000e+00 9.965472832228532418e-01
6.424999999999999822e+00 1.006692953458238060e+00
6.474999999999999645e+00 1.006354955656731498e+00
6.524999999999999467e+00 1.003105440563845541e+00
6.575000000000000178e+00 9.949293144303199554e-01
6.625000000000000000e+00 1.009884030099527541e+00
6.674999999999999822e+00 1.000367913075666415e+00
6.724999999999999645e+00 1.002003045419980420e+00
6.774999999999999467e+00 1.003609536874525920e+00
6.825000000000000178e+00 1.001739731224251750e+00
6.875000000000000000e+00 9.911816334002364615e-01
6.924999999999999822e+00 1.000735606785314147e+00
6.974999999999999645e+00 9.846222001726516737e-01
7.024999999999999467e+00 9.891698787146085969e-01
7.075000000000000178e+00 1.006592020254240882e+00
7.125000000000000000e+00 1.008189440719029051e+00
7.174999999999999822e+00 1.006123807277072846e+00
7.224999999999999645e+00 9.989935543091114090e-01
7.274999999999999467e+00 9.993143633155775474e-01
7.325000000000000178e+00 9.966495263741513844e-01
7.375000000000000000e+00 1.002770346782665190e+00
7.424999999999999822e+00 9.960198197705173451e-01
7.474999999999999645e+00 9.963486235395725421e-01
7.524999999999999467e+00 9.962164274514532236e-01
7.574999999999999289e+00 1.002575493562577247e+00
7.625000000000000000e+00 1.006477508354728156e+00
7.674999999999999822e+00 9.994106761070662426e-01
7.724999999999999645e+00 9.992575275079709218e-01
7.774999999999999467e+00 1.001048998057138206e+00
7.824999999999999289e+00 1.003363044444917529e+00
7.875000000000000000e+00 9.979575325044562906e-01
7.924999999999999822e+00 1.000046119436254211e+00
7.974999999999999645e+00 1.005850324370074267e+00
8.024999999999998579e+00 9.921884396573869003e-01
8.074999999999999289e+00 1.006381446769286647e+00
8.125000000000000000e+00 1.003632159149745018e+00
8.174999999999998934e+00 9.973244941419591170e-01
8.224999999999999645e+00 9.913787455815749050e-01
8.275000000000000355e+00 1.001945358598973712e+00
8.324999999999999289e+00 1.000173708476324030e+00
8.375000000000000000e+00 1.005053986976853109e+00
8.424999999999998934e+00 1.001755189406491775e+00
8.474999999999999645e+00 1.003449697214887415e+00
8.525000000000000355e+00 9.977764380796602106e-01
8.574999999999999289e+00 1.000624328505675953e+00
8.625000000000000000e+00 9.912554186877426954e-01
8.674999999999998934e+00 9.993458567567328199e-01
8.724999999999999645e+00 1.003701795439999822e+00
8.775000000000000355e+00 1.002114110138028424e+00
8.824999999999999289e+00 9.944996093299858231e-01
8.875000000000000000e+00 1.005627109797944341e+00
8.924999999999998934e+00 1.001772790289116477e+00
8.974999999999999645e+00 1.000905448084601135e+00
9.025000000000000355e+00 9.983493518369549458e-01
9.074999999999999289e+00 9.959139222710750028e-01
9.125000000000000000e+00 9.957017515687663911e-01
9.174999999999998934e+00 1.005588431873147615e+00
9.224999999999999645e+00 1.000570322002834578e+00
9.275000000000000355e+00 1.005417399376089538e+00
9.324999999999999289e+00 9.949185829860242025e-01
9.375000000000000000e+00 9.981839031257881967e-01
9.424999999999998934e+00 9.988854630523331668e-01
9.474999999999999645e+00 1.001190975052453691e+00
9.525000000000000355e+00 9.967660235790857248e-01
9.574999999999999289e+00 1.004530427977083695e+00
9.625000000000000000e+00 9.958547653997049665e-01
9.674999999999998934e+00 1.008400233234224785e+00
9.724999999999999645e+00 9.991952255353305778e-01
9.775000000000000355e+00 9.933949293513519851e-01
9.824999999999999289e+00 9.928358837543954651e-01
9.875000000000000000e+00 1.001274158179395801e+00
9.924999999999998934e+00 1.006425605699611259e+00
9.974999999999999645e+00 1.002981726481540159e+00
1.002500000000000036e+01 9.981779767845624374e-01
1.007499999999999929e+01 9.969768433310629563e-01
1.012500000000000000e+01 9.979931807370082675e-01
1.017499999999999893e+01 1.004506931549114190e+00
1.022499999999999964e+01 1.002106881736699373e+00
1.027500000000000036e+01 9.992173219509897786e-01
1.032499999999999929e+01 1.001299204742734483e+00
1.037500000000000000e+01 9.951761704341524073e-01
1.042499999999999893e+01 1.005327849276553387e+00
1.047499999999999964e+01 1.004281646391592897e+00
1.052500000000000036e+01 9.919289102118875601e-01
1.057499999999999929e+01 9.974354413049114632e-01
1.062500000000000000e+01 1.002416070176734397e+00
1.067499999999999893e+01 1.001349995769529100e+00
1.072499999999999964e+01 1.003065906647106820e+00
1.077499999999999858e+01 1.001787549258960297e+00
1.082499999999999929e+01 9.963021743513611472e-01
1.087500000000000000e+01 9.967066302278424494e-01
1.092499999999999893e+01 1.001012922856337362e+00
1.097499999999999964e+01 1.004098439927067599e+00
1.102499999999999858e+01 1.001279638382754023e+00
1.107499999999999929e+01 9.965603778186956641e-01
1.112500000000000000e+01 9.963027448949037801e-01
1.117499999999999893e+01 9.965290342885564367e-01
1.122499999999999964e+01 1.003460133449895375e+00
1.127499999999999858e+01 1.001060004019531879e+00
1.132499999999999929e+01 9.985596380561051477e-01
1.137500000000000000e+01 9.985700762667745201e-01
1.142499999999999893e+01 1.002798307565614389e+00
1.147499999999999964e+01 9.974918007000453946e-01
1.152499999999999858e+01 1.000249773575158097e+00
1.157499999999999929e+01 1.000668172728844230e+00
1.162500000000000000e+01 9.972693894452961949e-01
1.167499999999999893e+01 1.003287104501828342e+00
1.172499999999999964e+01 1.002144920738117451e+00
1.177499999999999858e+01 9.995616902755896094e-01
1.182499999999999929e+01 9.977450217517440656e-01
1.187500000000000000e+01 9.982434090318663689e-01
1.192499999999999893e+01 9.958382291645238027e-01
1.197499999999999964e+01 9.982066195719789814e-01
1.202499999999999858e+01 1.005505148926485459e+00
1.207499999999999929e+01 1.003916379302921991e+00
1.212500000000000000e+01 9.980494273905695657e-01
1.217499999999999893e+01 1.003101056911909872e+00
1.222499999999999964e+01 9.998526227514330511e-01
1.227499999999999858e+01 9.995578156770510425e-01
1.232499999999999929e+01 9.997684341615820092e-01
1.237500000000000000e+01 9.989422401327739953e-01
1.242499999999999893e+01 9.976482953294250056e-01
1.247499999999999964e+01 1.001219612858116559e+00
1.252499999999999858e+01 1.002109536921875099e+00
1.257499999999999929e+01 1.002981635007156980e+00
1.262500000000000000e+01 9.945352167454435399e-01
1.267499999999999893e+01 9.926849088111437958e-01
1.272499999999999964e+01 9.973399975385673910e-01
1.277499999999999858e+01 1.003481167588052614e+00
1.282499999999999929e+01 1.000680344604662375e+00
1.287500000000000000e+01 1.002435462733964000e+00
1.292499999999999893e+01 1.001681190972995905e+00
1.297499999999999964e+01 1.001740332412785373e+00
1.302499999999999858e+01 9.960707599512650390e-01
1.307499999999999929e+01 1.003595484076919897e+00
1.312500000000000000e+01 9.980167084472281180e-01
1.317499999999999893e+01 1.003156669492825559e+00
1.322499999999999964e+01 1.003185667081711197e+00
1.327499999999999858e+01 1.000133519426106288e+00
1.332499999999999929e+01 1.000219527025823840e+00
1.337500000000000000e+01 1.001857944036321335e+00
1.342499999999999893e+01 9.984157040926764370e-01
1.347499999999999964e+01 1.000596864380880469e+00
1.352499999999999858e+01 9.943563762601679290e-01
1.357499999999999929e+01 9.957054992657112802e-01
1.362500000000000000e+01 1.000699343321095558e+00
1.367499999999999893e+01 1.000912780836035409e+00
1.372499999999999964e+01 1.001057437766551983e+00
1.377499999999999858e+01 9.978651912936480350e-01
1.382499999999999929e+01 9.952865396595624858e-01
1.387500000000000000e+01 1.002203285792709675e+00
1.392499999999999893e+01 1.001144549611045154e+00
1.397499999999999964e+01 9.974192382001628721e-01
1.402499999999999858e+01 1.002809144629724925e+00
1.407499999999999929e+01 9.998181123796910930e-01
1.412500000000000000e+01 1.004858214069128897e+00
1.417499999999999893e+01 1.005482634669566666e+00
1.422499999999999964e+01 1.004595077348914511e+00
1.427499999999999858e+01 9.983726904704325333e-01
1.432499999999999929e+01 9.980869008100849982e-01
1.437500000000000000e+01 9.996778993760998544e-01
1.442499999999999893e+01 1.002186064709999824e+00
1.447499999999999964e+01 9.945852013106893930e-01
1.452499999999999858e+01 9.952723886348869842e-01
1.457499999999999929e+01 9.986461014839922434e-01
1.462500000000000000e+01 9.949504931730113189e-01
1.467499999999999893e+01 1.000677270907184280e+00
1.472499999999999964e+01 9.985010716231178529e-01
1.477499999999999858e+01 9.994501278403560285e-01
1.482499999999999929e+01 9.984057913025722319e-01
1.487500000000000000e+01 1.000549745161353199e+00
1.492499999999999893e+01 1.000446237805396654e+00
1.497499999999999964e+01 1.002674386897313141e+00
