2.500000000000000139e-02 0.000000000000000000e+00
7.499999999999999722e-02 0.000000000000000000e+00
1.250000000000000000e-01 0.000000000000000000e+00
1.749999999999999889e-01 0.000000000000000000e+00
2.249999999999999778e-01 0.000000000000000000e+00
2.749999999999999667e-01 0.000000000000000000e+00
3.250000000000000111e-01 0.000000000000000000e+00
3.750000000000000000e-01 0.000000000000000000e+00
4.249999999999999889e-01 0.000000000000000000e+00
4.749999999999999778e-01 0.000000000000000000e+00
5.249999999999999112e-01 0.000000000000000000e+00
5.749999999999999556e-01 0.000000000000000000e+00
6.250000000000000000e-01 0.000000000000000000e+00
6.749999999999999334e-01 0.000000000000000000e+00
7.249999999999999778e-01 0.000000000000000000e+00
7.749999999999999112e-01 0.000000000000000000e+00
8.249999999999999556e-01 0.000000000000000000e+00
8.750000000000000000e-01 1.838092157616217108e-03
9.249999999999999334e-01 1.365181650501382515e-01
9.749999999999999778e-01 8.941988102374938130e-01
1.024999999999999911e+00 1.793693704778125619e+00
1.074999999999999734e+00 2.186103831048663348e+00
1.124999999999999778e+00 2.065080203173897289e+00
1.174999999999999822e+00 1.773819943004095512e+00
1.224999999999999867e+00 1.537262503931153157e+00
1.274999999999999911e+00 1.265822749844018436e+00
1.324999999999999734e+00 1.097543408880253590e+00
1.374999999999999778e+00 9.596242516891793084e-01
1.424999999999999822e+00 9.440703798361707033e-01
1.474999999999999867e+00 8.494555295714782961e-01
1.524999999999999689e+00 8.219070902505750675e-01
1.574999999999999734e+00 7.824709537921354929e-01
1.624999999999999778e+00 8.027596337743904131e-01
1.674999999999999822e+00 7.811389429065528356e-01
1.724999999999999867e+00 7.682082523627180581e-01
1.774999999999999689e+00 8.707389167847895406e-01
1.824999999999999734e+00 8.659455876027566390e-01
1.874999999999999778e+00 9.513048357928274301e-01
1.924999999999999822e+00 9.792612669587353880e-01
1.974999999999999645e+00 1.082593479715429075e+00
2.024999999999999911e+00 1.096044903529330705e+00
2.074999999999999734e+00 1.146842864044008037e+00
2.124999999999999556e+00 1.134346402524199604e+00
2.174999999999999822e+00 1.104813184877483589e+00
2.224999999999999645e+00 1.097230874887307417e+00
2.274999999999999911e+00 1.055788179301405671e+00
2.324999999999999734e+00 1.029095860974328813e+00
2.374999999999999556e+00 1.016668350815202126e+00
2.424999999999999822e+00 9.885820662416946458e-01
2.474999999999999645e+00 9.538698111845312910e-01
2.524999999999999911e+00 9.632739250949644561e-01
2.574999999999999734e+00 9.521291966104229454e-01
2.624999999999999556e+00 9.429650615784750389e-01
2.674999999999999822e+00 9.597810008631443290e-01
2.724999999999999645e+00 9.682939947339548326e-01
2.774999999999999467e+00 9.766725852065658575e-01
2.824999999999999734e+00 9.755666929257135189e-01
2.874999999999999556e+00 9.717323711461036684e-01
2.924999999999999822e+00 1.023691832366653731e+00
2.974999999999999645e+00 1.017722778226411551e+00
3.024999999999999467e+00 1.034044931184144200e+00
3.074999999999999734e+00 1.018555758568343128e+00
3.124999999999999556e+00 1.014331214060981923e+00
3.174999999999999822e+00 1.015032111293842521e+00
3.224999999999999645e+00 1.020886634417308203e+00
3.274999999999999467e+00 1.014363959990082442e+00
3.324999999999999734e+00 1.029541367180186739e+00
3.374999999999999556e+00 1.008284249539655342e+00
3.424999999999999822e+00 9.922604349769805765e-01
3.474999999999999645e+00 1.000864582485974319e+00
3.524999999999999467e+00 9.947638635845921229e-01
3.574999999999999734e+00 9.915842639187815166e-01
3.624999999999999556e+00 9.629195866587926256e-01
3.674999999999999822e+00 9.795251742702426601e-01
3.724999999999999645e+00 9.731883853524397887e-01
3.774999999999999467e+00 9.953883307316854223e-01
3.824999999999999734e+00 1.002344097858643757e+00
3.874999999999999556e+00 1.010580395633254414e+00
3.924999999999999378e+00 1.002175529137840693e+00
3.974999999999999645e+00 1.001443617653034357e+00
4.024999999999999467e+00 1.007128994229539831e+00
4.075000000000000178e+00 9.964683431747710651e-01
4.125000000000000000e+00 1.022425462408770525e+00
4.174999999999999822e+00 9.986484660216423670e-01
4.224999999999999645e+00 1.001726932415142990e+00
4.275000000000000355e+00 1.011629232770186126e+00
4.325000000000000178e+00 1.011552384072724964e+00
4.375000000000000000e+00 9.981976769578032593e-01
4.424999999999999822e+00 1.014659882660562618e+00
4.474999999999999645e+00 9.971036135852666682e-01
4.525000000000000355e+00 9.879085172050262598e-01
4.575000000000000178e+00 9.947468325808943579e-01
4.625000000000000000e+00 9.940187422762425395e-01
4.674999999999999822e+00 9.861380895342903852e-01
4.724999999999999645e+00 9.970928535970730033e-01
4.775000000000000355e+00 9.989168630642837332e-01
4.825000000000000178e+00 1.004260799711286012e+00
4.875000000000000000e+00 9.814563940009533027e-01
4.924999999999999822e+00 1.018677468635864169e+00
4.974999999999999645e+00 9.955746661165374434e-01
5.025000000000000355e+00 1.002675541321672581e+00
5.075000000000000178e+00 1.003183383934029616e+00
5.125000000000000000e+00 1.005785145617028364e+00
5.174999999999999822e+00 9.956421936071134793e-01
5.224999999999999645e+00 9.958074802050875807e-01
5.275000000000000355e+00 1.016630160806797356e+00
5.325000000000000178e+00 9.989686507834060203e-01
5.375000000000000000e+00 9.941611630245271725e-01
5.424999999999999822e+00 1.018488753788077794e+00
5.474999999999999645e+00 9.971067167793361552e-01
5.524999999999999467e+00 9.951890376561102203e-01
5.575000000000000178e+00 9.981614152265930739e-01
5.625000000000000000e+00 9.964668942147248965e-01
5.674999999999999822e+00 9.945457367737103871e-01
5.724999999999999645e+00 9.906496549099221838e-01
5.774999999999999467e+00 1.006407745541073817e+00
5.825000000000000178e+00 9.902417798860524423e-01
5.875000000000000000e+00 1.002292273677898082e+00
5.924999999999999822e+00 9.984391637654644880e-01
5.974999999999999645e+00 1.001158869730795598e+00
6.024999999999999467e+00 1.000161130873253423e+00
6.075000000000000178e+00 9.942545411182340809e-01
6.125000000000000000e+00 9.936223024354798872e-01
6.174999999999999822e+00 1.005284163143990384e+00
6.224999999999999645e+00 1.005583098674327935e+00
6.274999999999999467e+00 9.944837523371398147e-01
6.325000000000000178e+00 1.004122136226825557e+00
6.375000000000000000e+00 1.009215186072103254e+00
6.424999999999999822e+00 1.008675010083021073e+00
6.474999999999999645e+00 1.006553784359882631e+00
6.524999999999999467e+00 9.886740861653382506e-01
6.575000000000000178e+00 9.985716531335594448e-01
6.625000000000000000e+00 9.955187253610849885e-01
6.674999999999999822e+00 9.925080564808431705e-01
6.724999999999999645e+00 9.973823822237175563e-01
6.774999999999999467e+00 1.000594520208330174e+00
6.825000000000000178e+00 9.999794168986446685e-01
6.875000000000000000e+00 1.001003652274525590e+00
6.924999999999999822e+00 1.002598637652028168e+00
6.974999999999999645e+00 9.938314089513375915e-01
7.024999999999999467e+00 1.002411151564546410e+00
7.075000000000000178e+00 9.958296269247198795e-01
7.125000000000000000e+00 1.004667458351518050e+00
7.174999999999999822e+00 9.960459750460927131e-01
7.224999999999999645e+00 1.000941460468077748e+00
7.274999999999999467e+00 1.002496869312039296e+00
7.325000000000000178e+00 9.985646969610402213e-01
7.375000000000000000e+00 1.006111786368986571e+00
7.424999999999999822e+00 1.005041852622316823e+00
7.474999999999999645e+00 1.009553620416559161e+00
7.524999999999999467e+00 9.889482223209650202e-01
7.574999999999999289e+00 1.005840562521091774e+00
7.625000000000000000e+00 1.003030785468634889e+00
7.674999999999999822e+00 9.878777636014880459e-01
7.724999999999999645e+00 9.918790720367117730e-01
7.774999999999999467e+00 1.002216220531036983e+00
7.824999999999999289e+00 1.005817902457232238e+00
7.875000000000000000e+00 9.960370186232192502e-01
7.924999999999999822e+00 1.007692131974272431e+00
7.974999999999999645e+00 9.993899321146011427e-01
8.024999999999998579e+00 9.995873665026595578e-01
8.074999999999999289e+00 9.944573760796311390e-01
8.125000000000000000e+00 9.973737847149345415e-01
8.174999999999998934e+00 1.000186787659740340e+00
8.224999999999999645e+00 1.001172442153259734e+00
8.275000000000000355e+00 1.005329910882199140e+00
8.324999999999999289e+00 9.953822116520433250e-01
8.375000000000000000e+00 9.977817147451921720e-01
8.424999999999998934e+00 1.010148656409249446e+00
8.474999999999999645e+00 9.961480639990686337e-01
8.525000000000000355e+00 1.002413846590794799e+00
8.574999999999999289e+00 1.000770301295242692e+00
8.625000000000000000e+00 9.942531815342375845e-01
8.674999999999998934e+00 9.967043377420850003e-01
8.724999999999999645e+00 1.000310070567092646e+00
8.775000000000000355e+00 9.984310075644636795e-01
8.824999999999999289e+00 1.005585610031028088e+00
8.875000000000000000e+00 1.006278865070216355e+00
8.924999999999998934e+00 9.969795556277003534e-01
8.974999999999999645e+00 1.005107778103131011e+00
9.025000000000000355e+00 9.983396304430188772e-01
9.074999999999999289e+00 9.901721565640875244e-01
9.125000000000000000e+00 9.996545297177856781e-01
9.174999999999998934e+00 9.936214863746194448e-01
9.224999999999999645e+00 1.000843510713154805e+00
9.275000000000000355e+00 1.002403471798722689e+00
9.324999999999999289e+00 1.002253680198620600e+00
9.375000000000000000e+00 1.002658663611517342e+00
9.424999999999998934e+00 1.008164674419272044e+00
9.474999999999999645e+00 1.003338380491525461e+00
9.525000000000000355e+00 9.909083726503744582e-01
9.574999999999999289e+00 9.993338012378911728e-01
9.625000000000000000e+00 1.001529127176467915e+00
9.674999999999998934e+00 9.966029248694892040e-01
9.724999999999999645e+00 9.963239976089538485e-01
9.775000000000000355e+00 9.961459341047996796e-01
9.824999999999999289e+00 9.983843419566502675e-01
9.875000000000000000e+00 1.007080088931110895e+00
9.924999999999998934e+00 9.991308834835800345e-01
9.974999999999999645e+00 1.001943002160541774e+00
1.002500000000000036e+01 1.000209367553895223e+00
1.007499999999999929e+01 9.977811812441984562e-01
1.012500000000000000e+01 1.007765122473715858e+00
1.017499999999999893e+01 1.004289172741833491e+00
1.022499999999999964e+01 9.951645076044959293e-01
1.027500000000000036e+01 9.993694046864669556e-01
1.032499999999999929e+01 9.993794003478255750e-01
1.037500000000000000e+01 1.000375904251009862e+00
1.042499999999999893e+01 1.002395356175171948e+00
1.047499999999999964e+01 9.937468359380414729e-01
1.052500000000000036e+01 1.004837240651589303e+00
1.057499999999999929e+01 9.997381697516961596e-01
1.062500000000000000e+01 9.946903505250580535e-01
1.067499999999999893e+01 9.929294476509080702e-01
1.072499999999999964e+01 9.983539407520826137e-01
1.077499999999999858e+01 9.997796074221334539e-01
1.082499999999999929e+01 1.002385729118247859e+00
1.087500000000000000e+01 1.002187968709030264e+00
1.092499999999999893e+01 9.986849151143917247e-01
1.097499999999999964e+01 9.990371876368761006e-01
1.102499999999999858e+01 1.000083183083154026e+00
1.107499999999999929e+01 1.004673259857985945e+00
1.112500000000000000e+01 1.007480045331501817e+00
1.117499999999999893e+01 1.000513730138081314e+00
1.122499999999999964e+01 1.002378900288459551e+00
1.127499999999999858e+01 1.000041455325078932e+00
1.132499999999999929e+01 9.952037066157340961e-01
1.137500000000000000e+01 9.979188525396961440e-01
1.142499999999999893e+01 1.006220947006762234e+00
1.147499999999999964e+01 9.927995339028735655e-01
1.152499999999999858e+01 9.987124186060482023e-01
1.157499999999999929e+01 9.994011521374925877e-01
1.162500000000000000e+01 9.989369796381406541e-01
1.167499999999999893e+01 1.000385615209202772e+00
1.172499999999999964e+01 9.957729641749084593e-01
1.177499999999999858e+01 9.976594976561319328e-01
1.182499999999999929e+01 9.989953703874338009e-01
1.187500000000000000e+01 1.005044990511993586e+00
1.192499999999999893e+01 1.000257595498496910e+00
1.197499999999999964e+01 9.971444602229679877e-01
1.202499999999999858e+01 1.003977989101791701e+00
1.207499999999999929e+01 1.001000288824122286e+00
1.212500000000000000e+01 1.002872818700591973e+00
1.217499999999999893e+01 9.987930644232898558e-01
1.222499999999999964e+01 1.007396036751219581e+00
1.227499999999999858e+01 9.964872351758576885e-01
1.232499999999999929e+01 9.989177761572668457e-01
1.237500000000000000e+01 9.986752409345616144e-01
1.242499999999999893e+01 9.973009496558165043e-01
1.247499999999999964e+01 9.984040007818307805e-01
1.252499999999999858e+01 9.974476989255600667e-01
1.257499999999999929e+01 1.003391820018218583e+00
1.262500000000000000e+01 9.977472885028125793e-01
1.267499999999999893e+01 1.000344160701787333e+00
1.272499999999999964e+01 1.004590765417146869e+00
1.277499999999999858e+01 9.958626494773727966e-01
1.282499999999999929e+01 9.972359062650248962e-01
1.287500000000000000e+01 9.998740836362880469e-01
1.292499999999999893e+01 9.977397620566147429e-01
1.297499999999999964e+01 9.989699190088364711e-01
1.302499999999999858e+01 1.002168101946335987e+00
1.307499999999999929e+01 1.000092505829446532e+00
1.312500000000000000e+01 1.000405471092452370e+00
1.317499999999999893e+01 9.995089938581662725e-01
1.322499999999999964e+01 1.005309816469408757e+00
1.327499999999999858e+01 1.001673184865087496e+00
1.332499999999999929e+01 9.997276160470222051e-01
1.337500000000000000e+01 1.000293264490922596e+00
1.342499999999999893e+01 9.953008248212241726e-01
1.347499999999999964e+01 1.001797537591591736e+00
1.352499999999999858e+01 9.990137262933687090e-01
1.357499999999999929e+01 1.000582472779056431e+00
1.362500000000000000e+01 9.993032837775044364e-01
1.367499999999999893e+01 1.000552758248253626e+00
1.372499999999999964e+01 9.997025475493126478e-01
1.377499999999999858e+01 9.989644087891447199e-01
1.382499999999999929e+01 1.002828610906751239e+00
1.387500000000000000e+01 1.002194831313906853e+00
1.392499999999999893e+01 9.987420869039977944e-01
1.397499999999999964e+01 9.981672636058076531e-01
1.402499999999999858e+01 1.001296569819220217e+00
1.407499999999999929e+01 9.977267174660141569e-01
1.412500000000000000e+01 9.995020317343172866e-01
1.417499999999999893e+01 9.950554436732061969e-01
1.422499999999999964e+01 9.999197038562284146e-01
1.427499999999999858e+01 1.005485930935864136e+00
1.432499999999999929e+01 1.004570596681072070e+00
1.437500000000000000e+01 9.981053527775237688e-01
1.442499999999999893e+01 1.000459397531398675e+00
1.447499999999999964e+01 9.991359527682035502e-01
1.452499999999999858e+01 9.992615281946601868e-01
1.457499999999999929e+01 9.974269296059706802e-01
1.462500000000000000e+01 1.000115346505212166e+00
1.467499999999999893e+01 1.000678496499924242e+00
1.472499999999999964e+01 1.002983312969993879e+00
1.477499999999999858e+01 9.995015128397786164e-01
1.482499999999999929e+01 1.002166863289690513e+00
1.487500000000000000e+01 1.000091489181200277e+00
1.492499999999999893e+01 9.969344561018058659e-01
1.497499999999999964e+01 9.952598108440475766e-01
