2.500000000000000139e-02 0.000000000000000000e+00
7.499999999999999722e-02 0.000000000000000000e+00
1.250000000000000000e-01 0.000000000000000000e+00
1.749999999999999889e-01 0.000000000000000000e+00
2.249999999999999778e-01 0.000000000000000000e+00
2.749999999999999667e-01 0.000000000000000000e+00
3.250000000000000111e-01 0.000000000000000000e+00
3.750000000000000000e-01 0.000000000000000000e+00
4.249999999999999889e-01 0.000000000000000000e+00
4.749999999999999778e-01 0.000000000000000000e+00
5.249999999999999112e-01 0.000000000000000000e+00
5.749999999999999556e-01 0.000000000000000000e+00
6.250000000000000000e-01 0.000000000000000000e+00
6.749999999999999334e-01 0.000000000000000000e+00
7.249999999999999778e-01 0.000000000000000000e+00
7.749999999999999112e-01 0.000000000000000000e+00
8.249999999999999556e-01 0.000000000000000000e+00
8.750000000000000000e-01 3.676184315232434215e-03
9.249999999999999334e-01 1.562557310814835232e-01
9.749999999999999778e-01 8.853160405993730775e-01
1.024999999999999911e+00 1.768241740333925227e+00
1.074999999999999734e+00 2.119120148203161413e+00
1.124999999999999778e+00 2.077312773036532167e+00
1.174999999999999822e+00 1.796247551478859839e+00
1.224999999999999867e+00 1.477235170037563217e+00
1.274999999999999911e+00 1.299589567384317190e+00
1.324999999999999734e+00 1.112775932451272487e+00
1.374999999999999778e+00 9.990812612621245981e-01
1.424999999999999822e+00 9.142649273156455703e-01
1.474999999999999867e+00 8.468676985598363460e-01
1.524999999999999689e+00 7.777250448983717979e-01
1.574999999999999734e+00 7.722574097977494834e-01
1.624999999999999778e+00 7.963631426686184067e-01
1.674999999999999822e+00 7.711050451171301834e-01
1.724999999999999867e+00 8.188229586452370201e-01
1.774999999999999689e+00 9.051395820451428875e-01
1.824999999999999734e+00 9.306062390928599992e-01
1.874999999999999778e+00 9.541075015548433624e-01
1.924999999999999822e+00 9.545708160850667756e-01
1.974999999999999645e+00 1.043620114445673597e+00
2.024999999999999911e+00 1.082314306554331251e+00
2.074999999999999734e+00 1.073939227019545806e+00
2.124999999999999556e+00 1.147438611621758309e+00
2.174999999999999822e+00 1.136948876761881166e+00
2.224999999999999645e+00 1.122536277288180839e+00
2.274999999999999911e+00 1.070746538358998912e+00
2.324999999999999734e+00 1.048104969742326142e+00
2.374999999999999556e+00 1.006187233796488778e+00
2.424999999999999822e+00 9.885820662416946458e-01
2.474999999999999645e+00 9.451376857147619770e-01
2.524999999999999911e+00 9.403125480127099145e-01
2.574999999999999734e+00 9.211345783930044995e-01
2.624999999999999556e+00 9.488892354922046080e-01
2.674999999999999822e+00 9.493550133563301019e-01
2.724999999999999645e+00 9.880086727786555612e-01
2.774999999999999467e+00 9.805112758839639175e-01
2.824999999999999734e+00 1.000083736917157129e+00
2.874999999999999556e+00 9.814394768515589673e-01
2.924999999999999822e+00 1.009871499046371079e+00
2.974999999999999645e+00 1.017722778226411551e+00
3.024999999999999467e+00 1.010662778619432878e+00
3.074999999999999734e+00 1.021086516810912670e+00
3.124999999999999556e+00 1.015628497125718122e+00
3.174999999999999822e+00 1.020198735054727246e+00
3.224999999999999645e+00 1.030495934568922856e+00
3.274999999999999467e+00 1.019351129155514180e+00
3.324999999999999734e+00 1.011461367904947117e+00
3.374999999999999556e+00 1.000498747919236209e+00
3.424999999999999822e+00 9.951403781913290558e-01
3.474999999999999645e+00 1.012055241689171936e+00
3.524999999999999467e+00 9.684815248587492764e-01
3.574999999999999734e+00 9.794689391347022323e-01
3.624999999999999556e+00 9.753457377381584692e-01
3.674999999999999822e+00 9.890098296073986939e-01
3.724999999999999645e+00 1.011129848515351481e+00
3.774999999999999467e+00 9.884738538882580361e-01
3.824999999999999734e+00 1.002921374167642821e+00
3.874999999999999556e+00 1.006924307003412400e+00
3.924999999999999378e+00 9.976982679299856160e-01
3.974999999999999645e+00 9.869221952104186846e-01
4.024999999999999467e+00 9.927923292267036848e-01
4.075000000000000178e+00 1.013167982783910182e+00
4.125000000000000000e+00 9.990963920633321171e-01
4.174999999999999822e+00 1.012942560998662422e+00
4.224999999999999645e+00 1.007720103072747397e+00
4.275000000000000355e+00 1.010704948409500759e+00
4.325000000000000178e+00 1.006435172190791816e+00
4.375000000000000000e+00 9.845922418854394786e-01
4.424999999999999822e+00 9.971905365158469925e-01
4.474999999999999645e+00 9.992826909219704179e-01
4.525000000000000355e+00 9.951270554309502581e-01
4.575000000000000178e+00 9.919221846890413641e-01
4.625000000000000000e+00 9.965852256227353267e-01
4.674999999999999822e+00 9.994703725029794317e-01
4.724999999999999645e+00 9.980386227132963528e-01
4.775000000000000355e+00 1.003361981367165479e+00
4.825000000000000178e+00 9.908980664500303126e-01
4.875000000000000000e+00 1.010420315344735309e+00
4.924999999999999822e+00 1.005793836320182377e+00
4.974999999999999645e+00 9.876692174681398484e-01
5.025000000000000355e+00 9.960415821635896227e-01
5.075000000000000178e+00 1.010288469192075045e+00
5.125000000000000000e+00 1.005249212785133572e+00
5.174999999999999822e+00 1.006154728646783125e+00
5.224999999999999645e+00 9.985402403382035441e-01
5.275000000000000355e+00 9.956864463076924299e-01
5.325000000000000178e+00 9.966850669273191743e-01
5.375000000000000000e+00 9.957690496340061426e-01
5.424999999999999822e+00 9.969174929653848993e-01
5.474999999999999645e+00 9.951813470535342265e-01
5.524999999999999467e+00 1.005933629925878758e+00
5.575000000000000178e+00 1.004683273922206688e+00
5.625000000000000000e+00 1.006565920243242651e+00
5.674999999999999822e+00 9.982609687164794021e-01
5.724999999999999645e+00 9.960182149924565742e-01
5.774999999999999467e+00 1.011092834442057553e+00
5.825000000000000178e+00 9.919012407430402023e-01
5.875000000000000000e+00 1.004739276299182027e+00
5.924999999999999822e+00 9.905398659637859593e-01
5.974999999999999645e+00 9.990296672982226234e-01
6.024999999999999467e+00 9.993080157647231676e-01
6.075000000000000178e+00 9.953606669360277603e-01
6.125000000000000000e+00 1.012158211857447698e+00
6.174999999999999822e+00 1.001186387002497957e+00
6.224999999999999645e+00 1.003149240296639100e+00
6.274999999999999467e+00 9.973079746548706437e-01
6.325000000000000178e+00 9.926160935963398435e-01
6.375000000000000000e+00 9.892989719117071257e-01
6.424999999999999822e+00 1.006083417765025523e+00
6.474999999999999645e+00 1.004740718401864186e+00
6.524999999999999467e+00 1.001006475361728931e+00
6.575000000000000178e+00 1.004530456163638785e+00
6.625000000000000000e+00 9.951659319983603424e-01
6.674999999999999822e+00 9.945300369237772831e-01
6.724999999999999645e+00 1.003980967451261863e+00
6.774999999999999467e+00 1.005102669730830511e+00
6.825000000000000178e+00 1.004542635150433627e+00
6.875000000000000000e+00 1.003028829994756066e+00
6.924999999999999822e+00 1.001072254903524250e+00
6.974999999999999645e+00 9.997629170110506891e-01
7.024999999999999467e+00 9.966493482860545594e-01
7.075000000000000178e+00 9.954359183376439990e-01
7.125000000000000000e+00 9.984284933998429645e-01
7.174999999999999822e+00 1.001706103984367768e+00
7.224999999999999645e+00 1.002074052238637991e+00
7.274999999999999467e+00 9.994648030088032487e-01
7.325000000000000178e+00 9.945769445061487524e-01
7.375000000000000000e+00 1.002307325080337153e+00
7.424999999999999822e+00 1.002820455305662772e+00
7.474999999999999645e+00 9.968564171951893593e-01
7.524999999999999467e+00 1.007990360431111787e+00
7.574999999999999289e+00 9.987507861115262342e-01
7.625000000000000000e+00 9.983337696247391868e-01
7.674999999999999822e+00 1.006374035621313334e+00
7.724999999999999645e+00 9.996161486765376969e-01
7.774999999999999467e+00 9.988164303826243540e-01
7.824999999999999289e+00 9.954725833535373880e-01
7.875000000000000000e+00 9.965590862932435234e-01
7.924999999999999822e+00 1.000632011387708742e+00
7.974999999999999645e+00 1.000607242790649831e+00
8.024999999999998579e+00 1.001357863029888717e+00
8.074999999999999289e+00 9.950834319551615792e-01
8.125000000000000000e+00 9.956252780585308493e-01
8.174999999999998934e+00 1.003493712492057321e+00
8.224999999999999645e+00 1.005854221213521305e+00
8.275000000000000355e+00 9.977854139638739905e-01
8.324999999999999289e+00 9.990585064733753518e-01
8.375000000000000000e+00 9.988052452770425083e-01
8.424999999999998934e+00 9.986462569134633149e-01
8.474999999999999645e+00 9.959716782948112579e-01
8.525000000000000355e+00 1.009561078816791468e+00
8.574999999999999289e+00 1.000023686371558584e+00
8.625000000000000000e+00 1.005114786813735339e+00
8.674999999999998934e+00 9.996410475295581799e-01
8.724999999999999645e+00 9.944298095045310815e-01
8.775000000000000355e+00 9.967125691370891660e-01
8.824999999999999289e+00 9.959698727337061852e-01
8.875000000000000000e+00 9.985225863887174924e-01
8.924999999999998934e+00 1.001468225634957854e+00
8.974999999999999645e+00 1.005684472125167206e+00
9.025000000000000355e+00 9.921870682362239346e-01
9.074999999999999289e+00 1.003777836464398332e+00
9.125000000000000000e+00 1.006197059067885924e+00
9.174999999999998934e+00 9.944408645777893518e-01
9.224999999999999645e+00 1.001273582627982162e+00
9.275000000000000355e+00 9.908672983773788578e-01
9.324999999999999289e+00 1.009781267117026538e+00
9.375000000000000000e+00 1.002162163147131357e+00
9.424999999999998934e+00 9.981020436701958376e-01
9.474999999999999645e+00 1.004749567636882279e+00
9.525000000000000355e+00 9.990230689456245372e-01
9.574999999999999289e+00 9.993952174442174430e-01
9.625000000000000000e+00 9.966363553147306042e-01
9.674999999999998934e+00 9.986631714435127982e-01
9.724999999999999645e+00 1.001920403636844314e+00
9.775000000000000355e+00 1.001773627537339229e+00
9.824999999999999289e+00 9.911076156970631823e-01
9.875000000000000000e+00 9.990829217374200821e-01
9.924999999999998934e+00 1.004661207323392258e+00
9.974999999999999645e+00 9.993823333939007014e-01
1.002500000000000036e+01 9.976461647214858175e-01
1.007499999999999929e+01 9.961447696278200592e-01
1.012500000000000000e+01 1.003590817410057623e+00
1.017499999999999893e+01 1.005594450899818249e+00
1.022499999999999964e+01 9.944105236987439422e-01
1.027500000000000036e+01 1.007276040271154249e+00
1.032499999999999929e+01 9.984022704591324349e-01
1.037500000000000000e+01 9.991727748953429522e-01
1.042499999999999893e+01 1.000918788220190425e+00
1.047499999999999964e+01 1.000918244534488410e+00
1.052500000000000036e+01 1.002740520516179679e+00
1.057499999999999929e+01 9.969940915752752986e-01
1.062500000000000000e+01 9.959123441612347527e-01
1.067499999999999893e+01 1.000748762418863569e+00
1.072499999999999964e+01 9.993819225981848131e-01
1.077499999999999858e+01 1.002653129620547645e+00
1.082499999999999929e+01 9.950939474520232864e-01
1.087500000000000000e+01 9.995455890007985955e-01
1.092499999999999893e+01 9.975409056105525307e-01
1.097499999999999964e+01 1.001538140531001320e+00
1.102499999999999858e+01 9.969563307575198818e-01
1.107499999999999929e+01 1.001597530386744594e+00
1.112500000000000000e+01 1.000155399257969480e+00
1.117499999999999893e+01 1.003095046544138391e+00
1.122499999999999964e+01 1.003842422862802675e+00
1.127499999999999858e+01 9.982697653928209736e-01
1.132499999999999929e+01 1.003665819191424502e+00
1.137500000000000000e+01 9.980929201712619436e-01
1.142499999999999893e+01 1.001961183070556594e+00
1.147499999999999964e+01 9.946275986861938812e-01
1.152499999999999858e+01 1.003301300650854655e+00
1.157499999999999929e+01 9.986236696911797717e-01
1.162500000000000000e+01 9.991765553519671439e-01
1.167499999999999893e+01 9.975765875908261249e-01
1.172499999999999964e+01 1.001169136393853298e+00
1.177499999999999858e+01 9.986341512675029897e-01
1.182499999999999929e+01 1.007300617332258064e+00
1.187500000000000000e+01 9.987560973233147177e-01
1.192499999999999893e+01 1.000119011792367285e+00
1.197499999999999964e+01 9.992549746839636260e-01
1.202499999999999858e+01 9.998309287969651127e-01
1.207499999999999929e+01 9.974764217926822552e-01
1.212500000000000000e+01 1.002078096162166476e+00
1.217499999999999893e+01 9.981757927409745657e-01
1.222499999999999964e+01 9.997007419326457978e-01
1.227499999999999858e+01 1.002569130398188735e+00
1.232499999999999929e+01 9.966288907560382215e-01
1.237500000000000000e+01 1.000256266848453812e+00
1.242499999999999893e+01 9.982310040271527019e-01
1.247499999999999964e+01 1.000384907260157608e+00
1.252499999999999858e+01 1.003459717370131621e+00
1.257499999999999929e+01 9.999912763931168014e-01
1.262500000000000000e+01 1.001527202992559928e+00
1.267499999999999893e+01 9.957966638602535614e-01
1.272499999999999964e+01 1.008694010004560271e+00
1.277499999999999858e+01 1.000623869520432141e+00
1.282499999999999929e+01 9.972958141917334096e-01
1.287500000000000000e+01 9.948638435446875983e-01
1.292499999999999893e+01 9.972257542235858363e-01
1.297499999999999964e+01 1.001503465659597136e+00
1.302499999999999858e+01 1.002964658808290332e+00
1.307499999999999929e+01 9.988409183467483743e-01
1.312500000000000000e+01 9.991715728507801764e-01
1.317499999999999893e+01 1.003409714556306342e+00
1.322499999999999964e+01 1.001543164260521701e+00
1.327499999999999858e+01 9.983422355107166579e-01
1.332499999999999929e+01 9.988317459390657627e-01
1.337500000000000000e+01 1.000332608939651813e+00
1.342499999999999893e+01 9.994715705499956915e-01
1.347499999999999964e+01 9.998826624791099515e-01
1.352499999999999858e+01 9.997832579764502903e-01
1.357499999999999929e+01 1.000032483940078265e+00
1.362500000000000000e+01 9.973317628740537844e-01
1.367499999999999893e+01 1.003051863098039842e+00
1.372499999999999964e+01 1.000412452109879391e+00
1.377499999999999858e+01 9.962937379997071075e-01
1.382499999999999929e+01 1.004338429102987096e+00
1.387500000000000000e+01 9.992700386468981177e-01
1.392499999999999893e+01 9.967820040155283001e-01
1.397499999999999964e+01 9.968698753683754576e-01
1.402499999999999858e+01 1.002477377832743821e+00
1.407499999999999929e+01 1.000505029634611187e+00
1.412500000000000000e+01 1.005104052100797452e+00
1.417499999999999893e+01 1.003070027699299649e+00
1.422499999999999964e+01 1.000135358216758696e+00
1.427499999999999858e+01 9.994760188070179741e-01
1.432499999999999929e+01 9.958655026363703033e-01
1.437500000000000000e+01 1.002383394803379124e+00
1.442499999999999893e+01 9.981795837751653577e-01
1.447499999999999964e+01 9.975302621429784633e-01
1.452499999999999858e+01 1.001176448627283611e+00
1.457499999999999929e+01 1.000607648085191981e+00
1.462500000000000000e+01 9.978908789529054024e-01
1.467499999999999893e+01 1.000482401661592746e+00
1.472499999999999964e+01 1.000646128327074891e+00
1.477499999999999858e+01 9.995208577807375150e-01
1.482499999999999929e+01 9.972607169138595351e-01
1.487500000000000000e+01 1.001955527389406964e+00
1.492499999999999893e+01 9.978949974168970227e-01
1.497499999999999964e+01 9.978962440456955463e-01
